0.000000000000000e+00 1.292853090000000e-01 1.671469112322548e-02 0.000000000000000e+00 -4.038724857975992e-01 -nan 0.000000000000000e+00 TOVV
2.500000000000000e-03 1.292836801874951e-01 1.671426996282250e-02 9.555596603644799e-09 -4.038698974412404e-01 1.428955529867124e+00 1.749529602389006e-03 TOVV
5.000000000000001e-03 1.292788331186707e-01 1.671301669252511e-02 7.644285706444973e-08 -4.038621948936402e-01 1.428947337041436e+00 3.499079266526541e-03 TOVV
7.500000000000003e-03 1.292707549922603e-01 1.671092809626900e-02 2.579838632072684e-07 -4.038493576935930e-01 1.428933682757245e+00 5.248669053365821e-03 TOVV
1.000000000000001e-02 1.292594461373441e-01 1.670800441573297e-02 6.114815342170244e-07 -4.038313861663141e-01 1.428914567304221e+00 6.998319023974908e-03 TOVV
1.250000000000001e-02 1.292449070603730e-01 1.670424600104446e-02 1.194210048955902e-06 -4.038082808398400e-01 1.428889991191840e+00 8.748049238957667e-03 TOVV
1.500000000000001e-02 1.292271384173607e-01 1.669965330353971e-02 2.063405272629822e-06 -4.037800424008856e-01 1.428859955086300e+00 1.049787975833786e-02 TOVV
1.750000000000001e-02 1.292061410111206e-01 1.669422687498558e-02 3.276255189260003e-06 -4.037466716905150e-01 1.428824459804329e+00 1.224783064141872e-02 TOVV
2.000000000000001e-02 1.291819157907117e-01 1.668796736735852e-02 4.889890341409485e-06 -4.037081697033372e-01 1.428783506312037e+00 1.399792194663825e-02 TOVV
2.250000000000002e-02 1.291544638512717e-01 1.668087553270945e-02 6.961374278613460e-06 -4.036645375873305e-01 1.428737095724662e+00 1.574817373142251e-02 TOVV
2.500000000000002e-02 1.291237864339457e-01 1.667295222303922e-02 9.547694015961144e-06 -4.036157766438324e-01 1.428685229306546e+00 1.749860605203743e-02 TOVV
2.750000000000002e-02 1.290898849258423e-01 1.666419839016722e-02 1.270575050427553e-05 -4.035618883275875e-01 1.428627908471205e+00 1.924923896343882e-02 TOVV
3.000000000000002e-02 1.290527608599989e-01 1.665461508558806e-02 1.649234911333582e-05 -4.035028742468235e-01 1.428565134781425e+00 2.100009251912067e-02 TOVV
3.250000000000002e-02 1.290124159153480e-01 1.664420346031474e-02 2.096419012958562e-05 -4.034387361633432e-01 1.428496909949395e+00 2.275118677096148e-02 TOVV
3.500000000000002e-02 1.289688519166842e-01 1.663296476470761e-02 2.617785926976807e-05 -4.033694759926295e-01 1.428423235836844e+00 2.450254176906834e-02 TOVV
3.750000000000003e-02 1.289220708346278e-01 1.662090034828879e-02 3.218981821192686e-05 -4.032950958039616e-01 1.428344114455203e+00 2.625417756161877e-02 TOVV
4.000000000000003e-02 1.288720747855877e-01 1.660801165954210e-02 3.905639514520983e-05 -4.032155978205413e-01 1.428259547965779e+00 2.800611419469987e-02 TOVV
4.250000000000003e-02 1.288188660317205e-01 1.659430024569836e-02 4.683377533990949e-05 -4.031309844196286e-01 1.428169538679939e+00 2.975837171214484e-02 TOVV
4.500000000000003e-02 1.287624469808879e-01 1.657976775250598e-02 5.557799173917169e-05 -4.030412581326880e-01 1.428074089059307e+00 3.151097015536651e-02 TOVV
4.750000000000004e-02 1.287028201866107e-01 1.656441592398705e-02 6.534491557380142e-05 -4.029464216455427e-01 1.427973201715982e+00 3.326392956318769e-02 TOVV
5.000000000000004e-02 1.286399883480203e-01 1.654824660217879e-02 7.619024700159079e-05 -4.028464777985394e-01 1.427866879412760e+00 3.501726997166821e-02 TOVV
5.250000000000004e-02 1.285739543098073e-01 1.653126172686042e-02 8.816950577259183e-05 -4.027414295867215e-01 1.427755125063370e+00 3.677101141392845e-02 TOVV
5.500000000000004e-02 1.285047210621675e-01 1.651346333526548e-02 1.013380219217527e-04 -4.026312801600120e-01 1.427637941732728e+00 3.852517391996909e-02 TOVV
5.750000000000004e-02 1.284322917407444e-01 1.649485356177968e-02 1.157509264903325e-04 -4.025160328234054e-01 1.427515332637196e+00 4.027977751648689e-02 TOVV
6.000000000000005e-02 1.283566696265693e-01 1.647543463762425e-02 1.314631422775060e-04 -4.023956910371683e-01 1.427387301144863e+00 4.203484222668642e-02 TOVV
6.250000000000004e-02 1.282778581459983e-01 1.645520889052485e-02 1.485293746235648e-04 -4.022702584170498e-01 1.427253850775826e+00 4.379038807008740e-02 TOVV
6.500000000000004e-02 1.281958608706463e-01 1.643417874436610e-02 1.670041022261201e-04 -4.021397387345003e-01 1.427114985202498e+00 4.554643506232750e-02 TOVV
6.750000000000005e-02 1.281106815173181e-01 1.641234671883171e-02 1.869415679907021e-04 -4.020041359168992e-01 1.426970708249914e+00 4.730300321496043e-02 TOVV
7.000000000000005e-02 1.280223239479363e-01 1.638971542903035e-02 2.083957699171539e-04 -4.018634540477920e-01 1.426821023896061e+00 4.906011253524906e-02 TOVV
7.250000000000005e-02 1.279307921694663e-01 1.636628758510719e-02 2.314204520232060e-04 -4.017176973671359e-01 1.426665936272213e+00 5.081778302595345e-02 TOVV
7.500000000000005e-02 1.278360903338383e-01 1.634206599184128e-02 2.560690953066175e-04 -4.015668702715539e-01 1.426505449663280e+00 5.257603468511349e-02 TOVV
7.750000000000005e-02 1.277382227378660e-01 1.631705354822866e-02 2.823949087472619e-04 -4.014109773145984e-01 1.426339568508174e+00 5.433488750582603e-02 TOVV
8.000000000000006e-02 1.276371938231621e-01 1.629125324705145e-02 3.104508203505323e-04 -4.012500232070229e-01 1.426168297400175e+00 5.609436147601626e-02 TOVV
8.250000000000006e-02 1.275330081760513e-01 1.626466817443276e-02 3.402894682334326e-04 -4.010840128170620e-01 1.425991641087324e+00 5.785447657820314e-02 TOVV
8.500000000000006e-02 1.274256705274790e-01 1.623730150937763e-02 3.719631917547186e-04 -4.009129511707211e-01 1.425809604472819e+00 5.961525278925869e-02 TOVV
8.750000000000006e-02 1.273151857529181e-01 1.620915652330003e-02 4.055240226904441e-04 -4.007368434520732e-01 1.425622192615422e+00 6.137671008016091e-02 TOVV
9.000000000000007e-02 1.272015588722712e-01 1.618023657953586e-02 4.410236764562640e-04 -4.005556950035653e-01 1.425429410729882e+00 6.313886841574018e-02 TOVV
9.250000000000007e-02 1.270847950497705e-01 1.615054513284218e-02 4.785135433778360e-04 -4.003695113263321e-01 1.425231264187366e+00 6.490174775441894e-02 TOVV
9.500000000000007e-02 1.269648995938742e-01 1.612008572888256e-02 5.180446800106614e-04 -4.001782980805188e-01 1.425027758515910e+00 6.666536804794419e-02 TOVV
9.750000000000007e-02 1.268418779571590e-01 1.608886200369882e-02 5.596678005106932e-04 -3.999820610856117e-01 1.424818899400865e+00 6.842974924111317e-02 TOVV
1.000000000000001e-01 1.267157357362098e-01 1.605687768316897e-02 6.034332680570375e-04 -3.997808063207770e-01 1.424604692685375e+00 7.019491127149131e-02 TOVV
1.025000000000001e-01 1.265864786715059e-01 1.602413658245161e-02 6.493910863280635e-04 -3.995745399252075e-01 1.424385144370847e+00 7.196087406912297e-02 TOVV
1.050000000000001e-01 1.264541126473031e-01 1.599064260541683e-02 6.975908910322343e-04 -3.993632681984773e-01 1.424160260617448e+00 7.372765755623392e-02 TOVV
1.075000000000001e-01 1.263186436915135e-01 1.595639974406356e-02 7.480819414949572e-04 -3.991469976009049e-01 1.423930047744602e+00 7.549528164692640e-02 TOVV
1.100000000000001e-01 1.261800779755804e-01 1.592141207792355e-02 8.009131123027527e-04 -3.989257347539227e-01 1.423694512231504e+00 7.726376624686548e-02 TOVV
1.125000000000001e-01 1.260384218143504e-01 1.588568377345211e-02 8.561328850060250e-04 -3.986994864404561e-01 1.423453660717642e+00 7.903313125295737e-02 TOVV
1.150000000000001e-01 1.258936816659417e-01 1.584921908340546e-02 9.137893398817155e-04 -3.984682596053082e-01 1.423207500003335e+00 8.080339655301885e-02 TOVV
1.175000000000001e-01 1.257458641316087e-01 1.581202234620499e-02 9.739301477571108e-04 -3.982320613555536e-01 1.422956037050273e+00 8.257458202543809e-02 TOVV
1.200000000000001e-01 1.255949759556028e-01 1.577409798528844e-02 1.036602561896065e-03 -3.979908989609385e-01 1.422699278982075e+00 8.434670753882627e-02 TOVV
1.225000000000001e-01 1.254410240250294e-01 1.573545050844800e-02 1.101853409948892e-03 -3.977447798542890e-01 1.422437233084855e+00 8.611979295166020e-02 TOVV
1.250000000000001e-01 1.252840153697012e-01 1.569608450715553e-02 1.169729085967176e-03 -3.974937116319255e-01 1.422169906807797e+00 8.789385811191512e-02 TOVV
1.275000000000001e-01 1.251239571619875e-01 1.565600465587488e-02 1.240275542484729e-03 -3.972377020540848e-01 1.421897307763744e+00 8.966892285668840e-02 TOVV
1.300000000000001e-01 1.249608567166594e-01 1.561521571136148e-02 1.313538282665935e-03 -3.969767590453496e-01 1.421619443729792e+00 9.144500701181266e-02 TOVV
1.325000000000001e-01 1.247947214907315e-01 1.557372251194925e-02 1.389562352522682e-03 -3.967108906950838e-01 1.421336322647900e+00 9.322213039145952e-02 TOVV
1.350000000000001e-01 1.246255590832991e-01 1.553152997682487e-02 1.468392333201111e-03 -3.964401052578750e-01 1.421047952625502e+00 9.500031279773255e-02 TOVV
1.375000000000001e-01 1.244533772353712e-01 1.548864310528961e-02 1.550072333339364e-03 -3.961644111539840e-01 1.420754341936137e+00 9.677957402025010e-02 TOVV
1.400000000000001e-01 1.242781838297000e-01 1.544506697600870e-02 1.634645981497531e-03 -3.958838169698000e-01 1.420455499020085e+00 9.855993383571710e-02 TOVV
1.425000000000001e-01 1.240999868906053e-01 1.540080674624841e-02 1.722156418660971e-03 -3.955983314583026e-01 1.420151432485010e+00 1.003414120074862e-01 TOVV
1.450000000000001e-01 1.239187945837956e-01 1.535586765110092e-02 1.812646290818177e-03 -3.953079635395297e-01 1.419842151106616e+00 1.021240282851076e-01 TOVV
1.475000000000001e-01 1.237346152161836e-01 1.531025500269701e-02 1.906157741614347e-03 -3.950127223010521e-01 1.419527663829309e+00 1.039078024038679e-01 TOVV
1.500000000000001e-01 1.235474572356987e-01 1.526397418940679e-02 2.002732405081806e-03 -3.947126169984529e-01 1.419207979766873e+00 1.056927540843168e-01 TOVV
1.525000000000001e-01 1.233573292310938e-01 1.521703067502846e-02 2.102411398448419e-03 -3.944076570558139e-01 1.418883108203148e+00 1.074789030317824e-01 TOVV
1.550000000000001e-01 1.231642399317484e-01 1.516942999796530e-02 2.205235315025129e-03 -3.940978520662066e-01 1.418553058592720e+00 1.092662689358750e-01 TOVV
1.575000000000001e-01 1.229681982074668e-01 1.512117777039085e-02 2.311244217173713e-03 -3.937832117921890e-01 1.418217840561622e+00 1.110548714699776e-01 TOVV
1.600000000000001e-01 1.227692130682713e-01 1.507227967740261e-02 2.420477629355900e-03 -3.934637461663084e-01 1.417877463908041e+00 1.128447302907250e-01 TOVV
1.625000000000001e-01 1.225672936641913e-01 1.502274147616410e-02 2.532974531264905e-03 -3.931394652916081e-01 1.417531938603028e+00 1.146358650374701e-01 TOVV
1.650000000000001e-01 1.223624492850468e-01 1.497256899503565e-02 2.648773351040491e-03 -3.928103794421399e-01 1.417181274791226e+00 1.164282953317368e-01 TOVV
1.675000000000001e-01 1.221546893602281e-01 1.492176813269382e-02 2.767911958568609e-03 -3.924764990634813e-01 1.416825482791596e+00 1.182220407766608e-01 TOVV
1.700000000000001e-01 1.219440234584691e-01 1.487034485723966e-02 2.890427658866694e-03 -3.921378347732573e-01 1.416464573098157e+00 1.200171209564163e-01 TOVV
1.725000000000001e-01 1.217304612876170e-01 1.481830520529601e-02 3.016357185555645e-03 -3.917943973616663e-01 1.416098556380734e+00 1.218135554356300e-01 TOVV
1.750000000000001e-01 1.215140126943956e-01 1.476565528109374e-02 3.145736694419539e-03 -3.914461977920110e-01 1.415727443485704e+00 1.236113637587808e-01 TOVV
1.775000000000001e-01 1.212946876641646e-01 1.471240125554724e-02 3.278601757054096e-03 -3.910932472012326e-01 1.415351245436758e+00 1.254105654495864e-01 TOVV
1.800000000000001e-01 1.210724963206724e-01 1.465854936531922e-02 3.414987354604893e-03 -3.907355569004494e-01 1.414969973435669e+00 1.272111800103748e-01 TOVV
1.825000000000001e-01 1.208474489258045e-01 1.460410591187493e-02 3.554927871596355e-03 -3.903731383754990e-01 1.414583638863060e+00 1.290132269214427e-01 TOVV
1.850000000000001e-01 1.206195558793261e-01 1.454907726052587e-02 3.698457089852469e-03 -3.900060032874841e-01 1.414192253279186e+00 1.308167256403985e-01 TOVV
1.875000000000001e-01 1.203888277186189e-01 1.449346983946330e-02 3.845608182510224e-03 -3.896341634733211e-01 1.413795828424715e+00 1.326216956014908e-01 TOVV
1.900000000000001e-01 1.201552751184126e-01 1.443729013878143e-02 3.996413708126716e-03 -3.892576309462926e-01 1.413394376221521e+00 1.344281562149229e-01 TOVV
1.925000000000001e-01 1.199189088905109e-01 1.438054470949065e-02 4.150905604880873e-03 -3.888764178966019e-01 1.412987908773476e+00 1.362361268661506e-01 TOVV
1.950000000000001e-01 1.196797399835107e-01 1.432324016252073e-02 4.309115184870723e-03 -3.884905366919307e-01 1.412576438367254e+00 1.380456269151661e-01 TOVV
1.975000000000001e-01 1.194377794825168e-01 1.426538316771431e-02 4.471073128507139e-03 -3.880999998779994e-01 1.412159977473135e+00 1.398566756957658e-01 TOVV
2.000000000000001e-01 1.191930386088495e-01 1.420698045281068e-02 4.636809479004938e-03 -3.877048201791289e-01 1.411738538745816e+00 1.416692925148020e-01 TOVV
2.025000000000002e-01 1.189455287197465e-01 1.414803880242003e-02 4.806353636972248e-03 -3.873050104988050e-01 1.411312135025224e+00 1.434834966514200e-01 TOVV
2.050000000000002e-01 1.186952613080586e-01 1.408856505698832e-02 4.979734355099014e-03 -3.869005839202441e-01 1.410880779337338e+00 1.452993073562774e-01 TOVV
2.075000000000002e-01 1.184422480019394e-01 1.402856611175293e-02 5.156979732945494e-03 -3.864915537069609e-01 1.410444484895009e+00 1.471167438507487e-01 TOVV
2.100000000000002e-01 1.181865005645280e-01 1.396804891568918e-02 5.338117211831602e-03 -3.860779333033366e-01 1.410003265098786e+00 1.489358253261118e-01 TOVV
2.125000000000002e-01 1.179280308936255e-01 1.390702047044789e-02 5.523173569827919e-03 -3.856597363351887e-01 1.409557133537750e+00 1.507565709427195e-01 TOVV
2.150000000000002e-01 1.176668510213651e-01 1.384548782928414e-02 5.712174916849212e-03 -3.852369766103416e-01 1.409106103990341e+00 1.525789998291526e-01 TOVV
2.175000000000002e-01 1.174029731138755e-01 1.378345809597738e-02 5.905146689851240e-03 -3.848096681191966e-01 1.408650190425198e+00 1.544031310813569e-01 TOVV
2.200000000000002e-01 1.171364094709368e-01 1.372093842374298e-02 6.102113648131641e-03 -3.843778250353036e-01 1.408189407001991e+00 1.562289837617626e-01 TOVV
2.225000000000002e-01 1.168671725256306e-01 1.365793601413550e-02 6.303099868735687e-03 -3.839414617159314e-01 1.407723768072269e+00 1.580565768983859e-01 TOVV
2.250000000000002e-01 1.165952748439818e-01 1.359445811594365e-02 6.508128741967632e-03 -3.835005927026384e-01 1.407253288180294e+00 1.598859294839137e-01 TOVV
2.275000000000002e-01 1.163207291245946e-01 1.353051202407731e-02 6.717222967008437e-03 -3.830552327218425e-01 1.406777982063887e+00 1.617170604747697e-01 TOVV
2.300000000000002e-01 1.160435481982802e-01 1.346610507844659e-02 6.930404547640554e-03 -3.826053966853896e-01 1.406297864655271e+00 1.635499887901634e-01 TOVV
2.325000000000002e-01 1.157637450276776e-01 1.340124466283315e-02 7.147694788080514e-03 -3.821510996911214e-01 1.405812951081915e+00 1.653847333111193e-01 TOVV
2.350000000000002e-01 1.154813327068665e-01 1.333593820375400e-02 7.369114288919986e-03 -3.816923570234415e-01 1.405323256667383e+00 1.672213128794899e-01 TOVV
2.375000000000002e-01 1.151963244609735e-01 1.327019316931789e-02 7.594682943176009e-03 -3.812291841538791e-01 1.404828796932173e+00 1.690597462969483e-01 TOVV
2.400000000000002e-01 1.149087336457694e-01 1.320401706807438e-02 7.824419932451027e-03 -3.807615967416515e-01 1.404329587594566e+00 1.709000523239627e-01 TOVV
2.425000000000002e-01 1.146185737472595e-01 1.313741744785596e-02 8.058343723203408e-03 -3.802896106342232e-01 1.403825644571465e+00 1.727422496787529e-01 TOVV
2.450000000000002e-01 1.143258583812655e-01 1.307040189461318e-02 8.296472063129046e-03 -3.798132418678623e-01 1.403316983979244e+00 1.745863570362261e-01 TOVV
2.475000000000002e-01 1.140306012929996e-01 1.300297803124303e-02 8.538821977654671e-03 -3.793325066681945e-01 1.402803622134584e+00 1.764323930268946e-01 TOVV
2.500000000000002e-01 1.137328163566299e-01 1.293515351641090e-02 8.785409766543448e-03 -3.788474214507523e-01 1.402285575555313e+00 1.782803762357740e-01 TOVV
2.525000000000002e-01 1.134325175748381e-01 1.286693604336596e-02 9.036251000613475e-03 -3.783580028215215e-01 1.401762860961245e+00 1.801303252012618e-01 TOVV
2.550000000000002e-01 1.131297190783682e-01 1.279833333875050e-02 9.291360518569686e-03 -3.778642675774829e-01 1.401235495275012e+00 1.819822584139955e-01 TOVV
2.575000000000002e-01 1.128244351255665e-01 1.272935316140316e-02 9.550752423949755e-03 -3.773662327071492e-01 1.400703495622895e+00 1.838361943156925e-01 TOVV
2.600000000000002e-01 1.125166801019134e-01 1.266000330115633e-02 9.814440082184499e-03 -3.768639153910978e-01 1.400166879335652e+00 1.856921512979684e-01 TOVV
2.625000000000002e-01 1.122064685195461e-01 1.259029157762788e-02 1.008243611777328e-02 -3.763573330024972e-01 1.399625663949341e+00 1.875501477011366e-01 TOVV
2.650000000000002e-01 1.118938150167714e-01 1.252022583900747e-02 1.035475241157493e-02 -3.758465031076288e-01 1.399079867206139e+00 1.894102018129859e-01 TOVV
2.675000000000002e-01 1.115787343575712e-01 1.244981396083745e-02 1.063140009821458e-02 -3.753314434664020e-01 1.398529507055154e+00 1.912723318675397e-01 TOVV
2.700000000000002e-01 1.112612414310968e-01 1.237906384478880e-02 1.091238956360705e-02 -3.748121720328622e-01 1.397974601653239e+00 1.931365560437932e-01 TOVV
2.725000000000002e-01 1.109413512511545e-01 1.230798341743205e-02 1.119773044259692e-02 -3.742887069556938e-01 1.397415169365786e+00 1.950028924644304e-01 TOVV
2.750000000000002e-01 1.106190789556825e-01 1.223658062900351e-02 1.148743161671604e-02 -3.737610665787139e-01 1.396851228767531e+00 1.968713591945207e-01 TOVV
2.775000000000002e-01 1.102944398062162e-01 1.216486345216704e-02 1.178150121205859e-02 -3.732292694413598e-01 1.396282798643337e+00 1.987419742401941e-01 TOVV
2.800000000000002e-01 1.099674491873454e-01 1.209283988077139e-02 1.207994659727431e-02 -3.726933342791671e-01 1.395709897988981e+00 2.006147555472956e-01 TOVV
2.825000000000002e-01 1.096381226061604e-01 1.202051792860346e-02 1.238277438167999e-02 -3.721532800242410e-01 1.395132546011925e+00 2.024897210000186e-01 TOVV
2.850000000000002e-01 1.093064756916885e-01 1.194790562813768e-02 1.268999041348990e-02 -3.716091258057168e-01 1.394550762132083e+00 2.043668884195172e-01 TOVV
2.875000000000002e-01 1.089725241943196e-01 1.187501102928157e-02 1.300159977816514e-02 -3.710608909502123e-01 1.393964565982583e+00 2.062462755624969e-01 TOVV
2.900000000000002e-01 1.086362839852222e-01 1.180184219811784e-02 1.331760679688247e-02 -3.705085949822696e-01 1.393373977410507e+00 2.081279001197840e-01 TOVV
2.925000000000002e-01 1.082977710557478e-01 1.172840721564317e-02 1.363801502512275e-02 -3.699522576247878e-01 1.392779016477634e+00 2.100117797148743e-01 TOVV
2.950000000000002e-01 1.079570015168255e-01 1.165471417650385e-02 1.396282725137937e-02 -3.693918987994431e-01 1.392179703461170e+00 2.118979319024587e-01 TOVV
2.975000000000002e-01 1.076139915983445e-01 1.158077118772857e-02 1.429204549598677e-02 -3.688275386270995e-01 1.391576058854461e+00 2.137863741669290e-01 TOVV
3.000000000000002e-01 1.072687576485272e-01 1.150658636745846e-02 1.462567101006947e-02 -3.682591974282071e-01 1.390968103367698e+00 2.156771239208612e-01 TOVV
3.025000000000002e-01 1.069213161332890e-01 1.143216784367474e-02 1.496370427461160e-02 -3.676868957231879e-01 1.390355857928615e+00 2.175701985034765e-01 TOVV
3.050000000000002e-01 1.065716836355889e-01 1.135752375292405e-02 1.530614499964727e-02 -3.671106542328100e-01 1.389739343683168e+00 2.194656151790821e-01 TOVV
3.075000000000002e-01 1.062198768547666e-01 1.128266223904177e-02 1.565299212357195e-02 -3.665304938785477e-01 1.389118581996199e+00 2.213633911354888e-01 TOVV
3.100000000000002e-01 1.058659126058690e-01 1.120759145187350e-02 1.600424381257482e-02 -3.659464357829285e-01 1.388493594452096e+00 2.232635434824078e-01 TOVV
3.125000000000002e-01 1.055098078189653e-01 1.113231954599498e-02 1.635989746019251e-02 -3.653585012698663e-01 1.387864402855428e+00 2.251660892498248e-01 TOVV
3.150000000000002e-01 1.051515795384482e-01 1.105685467943059e-02 1.671994968698403e-02 -3.647667118649794e-01 1.387231029231575e+00 2.270710453863531e-01 TOVV
3.175000000000002e-01 1.047912449223252e-01 1.098120501237074e-02 1.708439634032718e-02 -3.641710892958939e-01 1.386593495827329e+00 2.289784287575644e-01 TOVV
3.200000000000002e-01 1.044288212414960e-01 1.090537870588832e-02 1.745323249433646e-02 -3.635716554925312e-01 1.385951825111496e+00 2.308882561442978e-01 TOVV
3.225000000000002e-01 1.040643258790179e-01 1.082938392065443e-02 1.782645244990246e-02 -3.629684325873798e-01 1.385306039775470e+00 2.328005442409469e-01 TOVV
3.250000000000002e-01 1.036977763293589e-01 1.075322881565374e-02 1.820404973485276e-02 -3.623614429157498e-01 1.384656162733785e+00 2.347153096537259e-01 TOVV
3.275000000000002e-01 1.033291901976372e-01 1.067692154689948e-02 1.858601710423450e-02 -3.617507090160109e-01 1.384002217124666e+00 2.366325688989125e-01 TOVV
3.300000000000002e-01 1.029585851988486e-01 1.060047026614856e-02 1.897234654071831e-02 -3.611362536298122e-01 1.383344226310547e+00 2.385523384010702e-01 TOVV
3.325000000000002e-01 1.025859791570801e-01 1.052388311961686e-02 1.936302925512384e-02 -3.605180997022840e-01 1.382682213878573e+00 2.404746344912486e-01 TOVV
3.350000000000002e-01 1.022113900047105e-01 1.044716824669504e-02 1.975805568706662e-02 -3.598962703822208e-01 1.382016203641084e+00 2.423994734051623e-01 TOVV
3.375000000000002e-01 1.018348357815978e-01 1.037033377866499e-02 2.015741550572631e-02 -3.592707890222449e-01 1.381346219636079e+00 2.443268712813475e-01 TOVV
3.400000000000002e-01 1.014563346342521e-01 1.029338783741733e-02 2.056109761073616e-02 -3.586416791789498e-01 1.380672286127656e+00 2.462568441592982e-01 TOVV
3.425000000000002e-01 1.010759048149958e-01 1.021633853417010e-02 2.096909013319354e-02 -3.580089646130236e-01 1.379994427606432e+00 2.481894079775803e-01 TOVV
3.450000000000003e-01 1.006935646811095e-01 1.013919396818878e-02 2.138138043679142e-02 -3.573726692893512e-01 1.379312668789939e+00 2.501245785719247e-01 TOVV
3.475000000000003e-01 1.003093326939631e-01 1.006196222550818e-02 2.179795511907064e-02 -3.567328173770947e-01 1.378627034622999e+00 2.520623716732990e-01 TOVV
3.500000000000003e-01 9.992322741813388e-02 9.984651377656103e-03 2.221880001279276e-02 -3.560894332497518e-01 1.377937550278070e+00 2.540028029059588e-01 TOVV
3.525000000000003e-01 9.953526752050922e-02 9.907269480379337e-03 2.264390018743324e-02 -3.554425414851915e-01 1.377244241155577e+00 2.559458877854773e-01 TOVV
3.550000000000003e-01 9.914547176937513e-02 9.829824572371961e-03 2.307323995079476e-02 -3.547921668656661e-01 1.376547132884206e+00 2.578916417167552e-01 TOVV
3.575000000000003e-01 9.875385903349011e-02 9.752324674006437e-03 2.350680285074044e-02 -3.541383343777997e-01 1.375846251321180e+00 2.598400799920084e-01 TOVV
3.600000000000003e-01 9.836044828114394e-02 9.674777786067592e-03 2.394457167704657e-02 -3.534810692125517e-01 1.375141622552506e+00 2.617912177887370e-01 TOVV
3.625000000000003e-01 9.796525857920158e-02 9.597191888489828e-03 2.438652846337468e-02 -3.528203967651557e-01 1.374433272893191e+00 2.637450701676738e-01 TOVV
3.650000000000003e-01 9.756830909213185e-02 9.519574939097778e-03 2.483265448936249e-02 -3.521563426350323e-01 1.373721228887439e+00 2.657016520707112e-01 TOVV
3.675000000000003e-01 9.716961908102081e-02 9.441934872350684e-03 2.528293028283354e-02 -3.514889326256757e-01 1.373005517308807e+00 2.676609783188109e-01 TOVV
3.700000000000003e-01 9.676920790256961e-02 9.364279598090742e-03 2.573733562212500e-02 -3.508181927445133e-01 1.372286165160340e+00 2.696230636098915e-01 TOVV
3.725000000000003e-01 9.636709500807673e-02 9.286617000295688e-03 2.619584953853326e-02 -3.501441492027377e-01 1.371563199674673e+00 2.715879225166986e-01 TOVV
3.750000000000003e-01 9.596329994240448e-02 9.208954935835888e-03 2.665845031887704e-02 -3.494668284151111e-01 1.370836648314104e+00 2.735555694846548e-01 TOVV
3.775000000000003e-01 9.555784234292955e-02 9.131301233236178e-03 2.712511550817739e-02 -3.487862569997399e-01 1.370106538770629e+00 2.755260188296919e-01 TOVV
3.800000000000003e-01 9.515074193847747e-02 9.053663691442736e-03 2.759582191245420e-02 -3.481024617778211e-01 1.369372898965950e+00 2.774992847360631e-01 TOVV
3.825000000000003e-01 9.474201854824103e-02 8.976050078595248e-03 2.807054560163878e-02 -3.474154697733579e-01 1.368635757051450e+00 2.794753812541384e-01 TOVV
3.850000000000003e-01 9.433169208068209e-02 8.898468130804620e-03 2.854926191260190e-02 -3.467253082128449e-01 1.367895141408131e+00 2.814543222981813e-01 TOVV
3.875000000000003e-01 9.391978253241721e-02 8.820925550936541e-03 2.903194545229684e-02 -3.460320045249223e-01 1.367151080646516e+00 2.834361216441084e-01 TOVV
3.900000000000003e-01 9.350630998708649e-02 8.743430007401111e-03 2.951857010101682e-02 -3.453355863399983e-01 1.366403603606523e+00 2.854207929272315e-01 TOVV
3.925000000000003e-01 9.309129461420576e-02 8.665989132948856e-03 3.000910901576634e-02 -3.446360814898385e-01 1.365652739357292e+00 2.874083496399824e-01 TOVV
3.950000000000003e-01 9.267475666800191e-02 8.588610523473365e-03 3.050353463374570e-02 -3.439335180071230e-01 1.364898517196983e+00 2.893988051296224e-01 TOVV
3.975000000000003e-01 9.225671648623121e-02 8.511301736820845e-03 3.100181867594817e-02 -3.432279241249690e-01 1.364140966652533e+00 2.913921725959348e-01 TOVV
4.000000000000003e-01 9.183719448898058e-02 8.434070291606843e-03 3.150393215086911e-02 -3.425193282764202e-01 1.363380117479376e+00 2.933884650889015e-01 TOVV
4.025000000000003e-01 9.141621117745161e-02 8.356923666040428e-03 3.200984535832644e-02 -3.418077590939000e-01 1.362615999661120e+00 2.953876955063651e-01 TOVV
4.050000000000003e-01 9.099378713272735e-02 8.279869296756098e-03 3.251952789339160e-02 -3.410932454086307e-01 1.361848643409192e+00 2.973898765916754e-01 TOVV
4.075000000000003e-01 9.056994301452152e-02 8.202914577653675e-03 3.303294865043056e-02 -3.403758162500146e-01 1.361078079162431e+00 2.993950209313225e-01 TOVV
4.100000000000003e-01 9.014469955991028e-02 8.126066858746488e-03 3.355007582725378e-02 -3.396555008449803e-01 1.360304337586648e+00 3.014031409525550e-01 TOVV
4.125000000000003e-01 8.971807758204639e-02 8.049333445018096e-03 3.407087692937480e-02 -3.389323286172909e-01 1.359527449574140e+00 3.034142489209852e-01 TOVV
4.150000000000003e-01 8.929009796885561e-02 7.972721595287832e-03 3.459531877437614e-02 -3.382063291868136e-01 1.358747446243168e+00 3.054283569381811e-01 TOVV
4.175000000000003e-01 8.886078168171521e-02 7.896238521085454e-03 3.512336749638226e-02 -3.374775323687521e-01 1.357964358937374e+00 3.074454769392475e-01 TOVV
4.200000000000003e-01 8.843014975411483e-02 7.819891385535174e-03 3.565498855063823e-02 -3.367459681728384e-01 1.357178219225175e+00 3.094656206903925e-01 TOVV
4.225000000000003e-01 8.799822329029892e-02 7.743687302249309e-03 3.619014671819372e-02 -3.360116668024863e-01 1.356389058899098e+00 3.114887997864852e-01 TOVV
4.250000000000003e-01 8.756502346389167e-02 7.667633334231897e-03 3.672880611069105e-02 -3.352746586539035e-01 1.355596909975072e+00 3.135150256486021e-01 TOVV
4.275000000000003e-01 8.713057151650327e-02 7.591736492792491e-03 3.727093017525659e-02 -3.345349743151633e-01 1.354801804691674e+00 3.155443095215620e-01 TOVV
4.300000000000003e-01 8.669488875631845e-02 7.516003736470432e-03 3.781648169949464e-02 -3.337926445652350e-01 1.354003775509331e+00 3.175766624714534e-01 TOVV
4.325000000000003e-01 8.625799655666644e-02 7.440441969969879e-03 3.836542281658265e-02 -3.330477003729717e-01 1.353202855109467e+00 3.196120953831518e-01 TOVV
4.350000000000003e-01 8.581991635457274e-02 7.365058043105862e-03 3.891771501046692e-02 -3.323001728960560e-01 1.352399076393607e+00 3.216506189578293e-01 TOVV
4.375000000000003e-01 8.538066964929264e-02 7.289858749761642e-03 3.947331912115787e-02 -3.315500934799024e-01 1.351592472482429e+00 3.236922437104561e-01 TOVV
4.400000000000003e-01 8.494027800082622e-02 7.214850826857642e-03 4.003219535012369e-02 -3.307974936565164e-01 1.350783076714767e+00 3.257369799672958e-01 TOVV
4.425000000000003e-01 8.449876302841496e-02 7.140040953332226e-03 4.059430326578143e-02 -3.300424051433083e-01 1.349970922646562e+00 3.277848378633945e-01 TOVV
4.450000000000003e-01 8.405614640901993e-02 7.065435749134593e-03 4.115960180908453e-02 -3.292848598418635e-01 1.349156044049762e+00 3.298358273400635e-01 TOVV
4.475000000000003e-01 8.361244987578155e-02 6.991041774230083e-03 4.172804929920548e-02 -3.285248898366667e-01 1.348338474911172e+00 3.318899581423586e-01 TOVV
4.500000000000003e-01 8.316769521646082e-02 6.916865527618120e-03 4.229960343931285e-02 -3.277625273937809e-01 1.347518249431248e+00 3.339472398165543e-01 TOVV
4.525000000000003e-01 8.272190427186205e-02 6.842913446363107e-03 4.287422132244119e-02 -3.269978049594794e-01 1.346695402022838e+00 3.360076817076165e-01 TOVV
4.550000000000003e-01 8.227509893423714e-02 6.769191904638508e-03 4.345185943745295e-02 -3.262307551588320e-01 1.345869967309872e+00 3.380712929566705e-01 TOVV
4.575000000000004e-01 8.182730114567148e-02 6.695707212784409e-03 4.403247367509108e-02 -3.254614107942430e-01 1.345041980125996e+00 3.401380824984692e-01 TOVV
4.600000000000004e-01 8.137853289645125e-02 6.622465616378798e-03 4.461601933412119e-02 -3.246898048439422e-01 1.344211475513148e+00 3.422080590588598e-01 TOVV
4.625000000000004e-01 8.092881622341237e-02 6.549473295322854e-03 4.520245112756195e-02 -3.239159704604272e-01 1.343378488720082e+00 3.442812311522511e-01 TOVV
4.650000000000004e-01 8.047817320827111e-02 6.476736362940485e-03 4.579172318900272e-02 -3.231399409688578e-01 1.342543055200834e+00 3.463576070790817e-01 TOVV
4.675000000000004e-01 8.002662597593625e-02 6.404260865092395e-03 4.638378907900685e-02 -3.223617498654006e-01 1.341705210613131e+00 3.484371949232892e-01 TOVV
4.700000000000004e-01 7.957419669280312e-02 6.332052779304919e-03 4.697860179159966e-02 -3.215814308155246e-01 1.340864990816744e+00 3.505200025497832e-01 TOVV
4.725000000000004e-01 7.912090756502918e-02 6.260118013913893e-03 4.757611376083955e-02 -3.207990176522473e-01 1.340022431871783e+00 3.526060376019217e-01 TOVV
4.750000000000004e-01 7.866678083679172e-02 6.188462407223821e-03 4.817627686747115e-02 -3.200145443743297e-01 1.339177570036927e+00 3.546953074989918e-01 TOVV
4.775000000000004e-01 7.821183878852719e-02 6.117091726682567e-03 4.877904244565895e-02 -3.192280451444218e-01 1.338330441767608e+00 3.567878194336963e-01 TOVV
4.800000000000004e-01 7.775610373515283e-02 6.046011668071849e-03 4.938436128980023e-02 -3.184395542871563e-01 1.337481083714125e+00 3.588835803696467e-01 TOVV
4.825000000000004e-01 7.729959802427021e-02 5.975227854713758e-03 4.999218366141581e-02 -3.176491062871917e-01 1.336629532719700e+00 3.609825970388639e-01 TOVV
4.850000000000004e-01 7.684234403435104e-02 5.904745836693566e-03 5.060245929611724e-02 -3.168567357872035e-01 1.335775825818480e+00 3.630848759392862e-01 TOVV
4.875000000000004e-01 7.638436417290549e-02 5.834571090099048e-03 5.121513741064904e-02 -3.160624775858238e-01 1.334920000233469e+00 3.651904233322893e-01 TOVV
4.900000000000004e-01 7.592568087463268e-02 5.764709016276562e-03 5.183016671000445e-02 -3.152663666355286e-01 1.334062093374408e+00 3.672992452402143e-01 TOVV
4.925000000000004e-01 7.546631659955404e-02 5.695164941104126e-03 5.244749539461338e-02 -3.144684380404730e-01 1.333202142835585e+00 3.694113474439090e-01 TOVV
4.950000000000004e-01 7.500629383112936e-02 5.625944114281715e-03 5.306707116760098e-02 -3.136687270542735e-01 1.332340186393592e+00 3.715267354802810e-01 TOVV
4.975000000000004e-01 7.454563507435574e-02 5.557051708639017e-03 5.368884124211535e-02 -3.128672690777375e-01 1.331476262005013e+00 3.736454146398649e-01 TOVV
5.000000000000003e-01 7.408436285384964e-02 5.488492819460856e-03 5.431275234872290e-02 -3.120640996565407e-01 1.330610407804053e+00 3.757673899644040e-01 TOVV
5.025000000000001e-01 7.362249971191227e-02 5.420272463830522e-03 5.493875074286977e-02 -3.112592544788498e-01 1.329742662100107e+00 3.778926662444484e-01 TOVV
5.049999999999998e-01 7.316006820657842e-02 5.352395579991205e-03 5.556678221240789e-02 -3.104527693728933e-01 1.328873063375258e+00 3.800212480169702e-01 TOVV
5.074999999999995e-01 7.269709090964895e-02 5.284867026725763e-03 5.619679208518395e-02 -3.096446803044781e-01 1.328001650281720e+00 3.821531395629962e-01 TOVV
5.099999999999992e-01 7.223359040470728e-02 5.217691582755020e-03 5.682872523668974e-02 -3.088350233744532e-01 1.327128461639218e+00 3.842883449052603e-01 TOVV
5.124999999999990e-01 7.176958928511995e-02 5.150873946154804e-03 5.746252609777244e-02 -3.080238348161191e-01 1.326253536432295e+00 3.864268678058768e-01 TOVV
5.149999999999987e-01 7.130511015202148e-02 5.084418733791916e-03 5.809813866240292e-02 -3.072111509925838e-01 1.325376913807569e+00 3.885687117640343e-01 TOVV
5.174999999999984e-01 7.084017561228406e-02 5.018330480779246e-03 5.873550649550068e-02 -3.063970083940661e-01 1.324498633070915e+00 3.907138800137145e-01 TOVV
5.199999999999981e-01 7.037480827647194e-02 4.952613639950183e-03 5.937457274081370e-02 -3.055814436351436e-01 1.323618733684593e+00 3.928623755214314e-01 TOVV
5.224999999999979e-01 6.990903075678109e-02 4.887272581352564e-03 6.001528012885147e-02 -3.047644934519487e-01 1.322737255264303e+00 3.950142009839999e-01 TOVV
5.249999999999976e-01 6.944286566496431e-02 4.822311591762280e-03 6.065757098486965e-02 -3.039461946993098e-01 1.321854237576184e+00 3.971693588263279e-01 TOVV
5.274999999999973e-01 6.897633561024215e-02 4.757734874216758e-03 6.130138723690456e-02 -3.031265843478399e-01 1.320969720533745e+00 3.993278511992372e-01 TOVV
5.299999999999970e-01 6.850946319719971e-02 4.693546547568462e-03 6.194667042385581e-02 -3.023056994809715e-01 1.320083744194735e+00 4.014896799773127e-01 TOVV
5.324999999999968e-01 6.804227102367018e-02 4.629750646058587e-03 6.259336170361542e-02 -3.014835772919382e-01 1.319196348757948e+00 4.036548467567827e-01 TOVV
5.349999999999965e-01 6.757478167860478e-02 4.566351118911100e-03 6.324140186124162e-02 -3.006602550807038e-01 1.318307574559965e+00 4.058233528534286e-01 TOVV
5.374999999999962e-01 6.710701773993004e-02 4.503351829947285e-03 6.389073131717568e-02 -2.998357702508381e-01 1.317417462071835e+00 4.079951993005295e-01 TOVV
5.399999999999959e-01 6.663900177239240e-02 4.440756557220918e-03 6.454129013549975e-02 -2.990101603063400e-01 1.316526051895688e+00 4.101703868468391e-01 TOVV
5.424999999999957e-01 6.617075632539077e-02 4.378568992674243e-03 6.519301803223447e-02 -2.981834628484091e-01 1.315633384761290e+00 4.123489159545976e-01 TOVV
5.449999999999954e-01 6.570230393079710e-02 4.316792741814836e-03 6.584585438367394e-02 -2.973557155721641e-01 1.314739501522535e+00 4.145307867975805e-01 TOVV
5.474999999999951e-01 6.523366710076585e-02 4.255431323413540e-03 6.649973823475669e-02 -2.965269562633110e-01 1.313844443153875e+00 4.167159992591853e-01 TOVV
5.499999999999948e-01 6.476486832553228e-02 4.194488169223535e-03 6.715460830747071e-02 -2.956972227947584e-01 1.312948250746683e+00 4.189045529305559e-01 TOVV
5.524999999999946e-01 6.429593007120035e-02 4.133966623720686e-03 6.781040300929082e-02 -2.948665531231831e-01 1.312050965505563e+00 4.210964471087478e-01 TOVV
5.549999999999943e-01 6.382687477752039e-02 4.073869943865268e-03 6.846706044164627e-02 -2.940349852855442e-01 1.311152628744590e+00 4.232916807949345e-01 TOVV
5.574999999999940e-01 6.335772485565726e-02 4.014201298885169e-03 6.912451840841720e-02 -2.932025573955486e-01 1.310253281883503e+00 4.254902526926564e-01 TOVV
5.599999999999937e-01 6.288850268594921e-02 3.954963770080642e-03 6.978271442445771e-02 -2.923693076400649e-01 1.309352966443818e+00 4.276921612061146e-01 TOVV
5.624999999999934e-01 6.241923061565822e-02 3.896160350650725e-03 7.044158572414400e-02 -2.915352742754903e-01 1.308451724044904e+00 4.298974044385068e-01 TOVV
5.649999999999932e-01 6.194993095671181e-02 3.837793945541361e-03 7.110106926994543e-02 -2.907004956240676e-01 1.307549596399980e+00 4.321059801904138e-01 TOVV
5.674999999999929e-01 6.148062598343751e-02 3.779867371315331e-03 7.176110176101710e-02 -2.898650100701550e-01 1.306646625312068e+00 4.343178859582302e-01 TOVV
5.699999999999926e-01 6.101133793028978e-02 3.722383356044017e-03 7.242161964181142e-02 -2.890288560564486e-01 1.305742852669881e+00 4.365331189326453e-01 TOVV
5.724999999999923e-01 6.054208898957058e-02 3.665344539221083e-03 7.308255911070759e-02 -2.881920720801578e-01 1.304838320443656e+00 4.387516759971745e-01 TOVV
5.749999999999921e-01 6.007290130914348e-02 3.608753471698093e-03 7.374385612865643e-02 -2.873546966891357e-01 1.303933070680934e+00 4.409735537267402e-01 TOVV
5.774999999999918e-01 5.960379699014242e-02 3.552612615642110e-03 7.440544642783914e-02 -2.865167684779634e-01 1.303027145502275e+00 4.431987483863081e-01 TOVV
5.799999999999915e-01 5.913479808467532e-02 3.496924344515319e-03 7.506726552033789e-02 -2.856783260839906e-01 1.302120587096930e+00 4.454272559295741e-01 TOVV
5.824999999999912e-01 5.866592659352322e-02 3.441690943076655e-03 7.572924870681645e-02 -2.848394081833320e-01 1.301213437718454e+00 4.476590719977084e-01 TOVV
5.849999999999910e-01 5.819720446383563e-02 3.386914607405490e-03 7.639133108520889e-02 -2.840000534868215e-01 1.300305739680264e+00 4.498941919181548e-01 TOVV
5.874999999999907e-01 5.772865358682245e-02 3.332597444947349e-03 7.705344755941465e-02 -2.831603007359240e-01 1.299397535351146e+00 4.521326107034873e-01 TOVV
5.899999999999904e-01 5.726029579544333e-02 3.278741474581665e-03 7.771553284799790e-02 -2.823201886986065e-01 1.298488867150718e+00 4.543743230503247e-01 TOVV
5.924999999999901e-01 5.679215286209488e-02 3.225348626711552e-03 7.837752149288940e-02 -2.814797561651691e-01 1.297579777544831e+00 4.566193233383060e-01 TOVV
5.949999999999899e-01 5.632424649629647e-02 3.172420743375566e-03 7.903934786808899e-02 -2.806390419440365e-01 1.296670309040928e+00 4.588676056291262e-01 TOVV
5.974999999999896e-01 5.585659834237520e-02 3.119959578381432e-03 7.970094618836678e-02 -2.797980848575123e-01 1.295760504183362e+00 4.611191636656320e-01 TOVV
5.999999999999893e-01 5.538922997715070e-02 3.067966797461690e-03 8.036225051796123e-02 -2.789569237374950e-01 1.294850405548650e+00 4.633739908709835e-01 TOVV
6.024999999999890e-01 5.492216290762037e-02 3.016443978451191e-03 8.102319477927215e-02 -2.781155974211591e-01 1.293940055740696e+00 4.656320803478775e-01 TOVV
6.049999999999888e-01 5.445541856864588e-02 2.965392611486423e-03 8.168371276154690e-02 -2.772741447466006e-01 1.293029497385968e+00 4.678934248778370e-01 TOVV
6.074999999999885e-01 5.398901832064133e-02 2.914814099226546e-03 8.234373812955774e-02 -2.764326045484495e-01 1.292118773128623e+00 4.701580169205663e-01 TOVV
6.099999999999882e-01 5.352298344726406e-02 2.864709757096102e-03 8.300320443226855e-02 -2.755910156534486e-01 1.291207925625601e+00 4.724258486133734e-01 TOVV
6.124999999999879e-01 5.305733515310845e-02 2.815080813549278e-03 8.366204511148921e-02 -2.747494168760022e-01 1.290296997541674e+00 4.746969117706605e-01 TOVV
6.149999999999877e-01 5.259209456140384e-02 2.765928410355643e-03 8.432019351051551e-02 -2.739078470136935e-01 1.289386031544451e+00 4.769711978834835e-01 TOVV
6.174999999999874e-01 5.212728271171678e-02 2.717253602907247e-03 8.497758288275289e-02 -2.730663448427743e-01 1.288475070299357e+00 4.792486981191814e-01 TOVV
6.199999999999871e-01 5.166292055765875e-02 2.669057360546960e-03 8.563414640032238e-02 -2.722249491136256e-01 1.287564156464565e+00 4.815294033210766e-01 TOVV
6.224999999999868e-01 5.119902896459982e-02 2.621340566917932e-03 8.628981716264639e-02 -2.713836985461940e-01 1.286653332685900e+00 4.838133040082467e-01 TOVV
6.249999999999866e-01 5.073562870738899e-02 2.574104020334033e-03 8.694452820501312e-02 -2.705426318254009e-01 1.285742641591703e+00 4.861003903753702e-01 TOVV
6.274999999999863e-01 5.027274046808203e-02 2.527348434171133e-03 8.759821250711744e-02 -2.697017875965304e-01 1.284832125787674e+00 4.883906522926437e-01 TOVV
6.299999999999860e-01 4.981038483367760e-02 2.481074437279060e-03 8.825080300157644e-02 -2.688612044605933e-01 1.283921827851675e+00 4.906840793057742e-01 TOVV
6.324999999999857e-01 4.934858229386208e-02 2.435282574414077e-03 8.890223258241804e-02 -2.680209209696713e-01 1.283011790328508e+00 4.929806606360475e-01 TOVV
6.349999999999855e-01 4.888735323876424e-02 2.389973306691712e-03 8.955243411354083e-02 -2.671809756222428e-01 1.282102055724666e+00 4.952803851804704e-01 TOVV
6.374999999999852e-01 4.842671795672034e-02 2.345147012059740e-03 9.020134043714317e-02 -2.663414068584890e-01 1.281192666503063e+00 4.975832415119908e-01 TOVV
6.399999999999849e-01 4.796669663205024e-02 2.300803985791140e-03 9.084888438212020e-02 -2.655022530555859e-01 1.280283665077735e+00 4.998892178797941e-01 TOVV
6.424999999999846e-01 4.750730934284560e-02 2.256944440996825e-03 9.149499877242662e-02 -2.646635525229805e-01 1.279375093808517e+00 5.021983022096780e-01 TOVV
6.449999999999844e-01 4.704857605877064e-02 2.213568509157925e-03 9.213961643540382e-02 -2.638253434976542e-01 1.278466994995714e+00 5.045104821045041e-01 TOVV
6.474999999999841e-01 4.659051663887639e-02 2.170676240677418e-03 9.278267021006957e-02 -2.629876641393756e-01 1.277559410874737e+00 5.068257448447310e-01 TOVV
6.499999999999838e-01 4.613315082942914e-02 2.128267605450858e-03 9.342409295536842e-02 -2.621505525259415e-01 1.276652383610732e+00 5.091440773890236e-01 TOVV
6.524999999999835e-01 4.567649826175379e-02 2.086342493455997e-03 9.406381755838146e-02 -2.613140466484126e-01 1.275745955293195e+00 5.114654663749447e-01 TOVV
6.549999999999833e-01 4.522057845009297e-02 2.044900715361013e-03 9.470177694249347e-02 -2.604781844063395e-01 1.274840167930573e+00 5.137898981197260e-01 TOVV
6.574999999999830e-01 4.476541078948262e-02 2.003942003151127e-03 9.533790407551612e-02 -2.596430036029867e-01 1.273935063444848e+00 5.161173586211193e-01 TOVV
6.599999999999827e-01 4.431101455364481e-02 1.963466010773322e-03 9.597213197776526e-02 -2.588085419405516e-01 1.273030683666128e+00 5.184478335583292e-01 TOVV
6.624999999999824e-01 4.385740889289849e-02 1.923472314798892e-03 9.660439373009115e-02 -2.579748370153827e-01 1.272127070327213e+00 5.207813082930277e-01 TOVV
6.649999999999822e-01 4.340461283208914e-02 1.883960415103558e-03 9.723462248185963e-02 -2.571419263131987e-01 1.271224265058170e+00 5.231177678704491e-01 TOVV
6.674999999999819e-01 4.295264526853776e-02 1.844929735564839e-03 9.786275145888287e-02 -2.563098472043083e-01 1.270322309380900e+00 5.254571970205676e-01 TOVV
6.699999999999816e-01 4.250152497001021e-02 1.806379624776401e-03 9.848871397129835e-02 -2.554786369388351e-01 1.269421244703701e+00 5.277995801593569e-01 TOVV
6.724999999999813e-01 4.205127057270757e-02 1.768309356779062e-03 9.911244342139414e-02 -2.546483326419476e-01 1.268521112315841e+00 5.301449013901315e-01 TOVV
6.749999999999811e-01 4.160190057927821e-02 1.730718131808148e-03 9.973387331137933e-02 -2.538189713090964e-01 1.267621953382126e+00 5.324931445049701e-01 TOVV
6.774999999999808e-01 4.115343335685234e-02 1.693605077056887e-03 1.003529372510982e-01 -2.529905898012607e-01 1.266723808937480e+00 5.348442929862220e-01 TOVV
6.799999999999805e-01 4.070588713509988e-02 1.656969247455490e-03 1.009695689656861e-01 -2.521632248402060e-01 1.265826719881524e+00 5.371983300080958e-01 TOVV
6.824999999999802e-01 4.025928000431215e-02 1.620809626465608e-03 1.015837023031666e-01 -2.513369130037543e-01 1.264930726973176e+00 5.395552384383285e-01 TOVV
6.849999999999800e-01 3.981362991350834e-02 1.585125126889806e-03 1.021952712419879e-01 -2.505116907210690e-01 1.264035870825251e+00 5.419150008399399e-01 TOVV
6.874999999999797e-01 3.936895466856736e-02 1.549914591695711e-03 1.028042098984967e-01 -2.496875942679564e-01 1.263142191899085e+00 5.442775994730652e-01 TOVV
6.899999999999794e-01 3.892527193038572e-02 1.515176794854475e-03 1.034104525343493e-01 -2.488646597621849e-01 1.262249730499167e+00 5.466430162968727e-01 TOVV
6.924999999999791e-01 3.848259921306236e-02 1.480910442193187e-03 1.040139335638579e-01 -2.480429231588250e-01 1.261358526767795e+00 5.490112329715611e-01 TOVV
6.949999999999789e-01 3.804095388211078e-02 1.447114172260879e-03 1.046145875612709e-01 -2.472224202456108e-01 1.260468620679746e+00 5.513822308604388e-01 TOVV
6.974999999999786e-01 3.760035315269955e-02 1.413786557207723e-03 1.052123492679861e-01 -2.464031866383252e-01 1.259580052036974e+00 5.537559910320841e-01 TOVV
6.999999999999783e-01 3.716081408792148e-02 1.380926103677064e-03 1.058071535996953e-01 -2.455852577762106e-01 1.258692860463328e+00 5.561324942625850e-01 TOVV
7.024999999999780e-01 3.672235359709246e-02 1.348531253709890e-03 1.063989356534596e-01 -2.447686689174076e-01 1.257807085399298e+00 5.585117210378612e-01 TOVV
7.049999999999778e-01 3.628498843408036e-02 1.316600385661346e-03 1.069876307147136e-01 -2.439534551344220e-01 1.256922766096794e+00 5.608936515560627e-01 TOVV
7.074999999999775e-01 3.584873519566477e-02 1.285131815128894e-03 1.075731742641979e-01 -2.431396513096234e-01 1.256039941613944e+00 5.632782657300514e-01 TOVV
7.099999999999772e-01 3.541361031992817e-02 1.254123795891723e-03 1.081555019848186e-01 -2.423272921307766e-01 1.255158650809939e+00 5.656655431899568e-01 TOVV
7.124999999999769e-01 3.497963008467915e-02 1.223574520860991e-03 1.087345497684329e-01 -2.415164120866073e-01 1.254278932339899e+00 5.680554632858136e-01 TOVV
7.149999999999767e-01 3.454681060590827e-02 1.193482123040496e-03 1.093102537225586e-01 -2.407070454624044e-01 1.253400824649789e+00 5.704480050902740e-01 TOVV
7.174999999999764e-01 3.411516783627711e-02 1.163844676497356e-03 1.098825501770089e-01 -2.398992263356605e-01 1.252524365971364e+00 5.728431474013976e-01 TOVV
7.199999999999761e-01 3.368471756364128e-02 1.134660197342283e-03 1.104513756904491e-01 -2.390929885717524e-01 1.251649594317161e+00 5.752408687455158e-01 TOVV
7.224999999999758e-01 3.325547540960756e-02 1.105926644719013e-03 1.110166670568754e-01 -2.382883658196630e-01 1.250776547475525e+00 5.776411473801745e-01 TOVV
7.249999999999756e-01 3.282745682812620e-02 1.077641921802490e-03 1.115783613120150e-01 -2.374853915077468e-01 1.249905263005698e+00 5.800439612971453e-01 TOVV
7.274999999999753e-01 3.240067710411853e-02 1.049803876805351e-03 1.121363957396457e-01 -2.366840988395406e-01 1.249035778232934e+00 5.824492882255158e-01 TOVV
7.299999999999750e-01 3.197515135214049e-02 1.022410303992292e-03 1.126907078778357e-01 -2.358845207896208e-01 1.248168130243674e+00 5.848571056348478e-01 TOVV
7.324999999999747e-01 3.155089451508276e-02 9.954589447018797e-04 1.132412355251011e-01 -2.350866900995095e-01 1.247302355880777e+00 5.872673907384092e-01 TOVV
7.349999999999745e-01 3.112792136290771e-02 9.689474883753665e-04 1.137879167464811e-01 -2.342906392736301e-01 1.246438491738791e+00 5.896801204964747e-01 TOVV
7.374999999999742e-01 3.070624649142374e-02 9.428735735920730e-04 1.143306898795307e-01 -2.334964005753157e-01 1.245576574159288e+00 5.920952716196961e-01 TOVV
7.399999999999739e-01 3.028588432109755e-02 9.172347891109023e-04 1.148694935402292e-01 -2.327040060228697e-01 1.244716639226253e+00 5.945128205725412e-01 TOVV
7.424999999999736e-01 2.986684909590458e-02 8.920286749175360e-04 1.154042666288038e-01 -2.319134873856823e-01 1.243858722761532e+00 5.969327435767983e-01 TOVV
7.449999999999734e-01 2.944915488221819e-02 8.672527232768752e-04 1.159349483354690e-01 -2.311248761804031e-01 1.243002860320340e+00 5.993550166151473e-01 TOVV
7.474999999999731e-01 2.903281556773788e-02 8.429043797902831e-04 1.164614781460798e-01 -2.303382036671714e-01 1.242149087186832e+00 6.017796154347949e-01 TOVV
7.499999999999728e-01 2.861784486045696e-02 8.189810444571825e-04 1.169837958476980e-01 -2.295535008459068e-01 1.241297438369734e+00 6.042065155511720e-01 TOVV
7.524999999999725e-01 2.820425628766993e-02 7.954800727405686e-04 1.175018415340729e-01 -2.287707984526601e-01 1.240447948598050e+00 6.066356922516948e-01 TOVV
7.549999999999722e-01 2.779206319502011e-02 7.723987766359913e-04 1.180155556110332e-01 -2.279901269560269e-01 1.239600652316821e+00 6.090671205995841e-01 TOVV
7.574999999999720e-01 2.738127874558757e-02 7.497344257435657e-04 1.185248788017923e-01 -2.272115165536250e-01 1.238755583682970e+00 6.115007754377447e-01 TOVV
7.599999999999717e-01 2.697191591901785e-02 7.274842483425684e-04 1.190297521521642e-01 -2.264349971686370e-01 1.237912776561202e+00 6.139366313927027e-01 TOVV
7.624999999999714e-01 2.656398751069161e-02 7.056454324681801e-04 1.195301170356918e-01 -2.256605984464193e-01 1.237072264519989e+00 6.163746628785974e-01 TOVV
7.649999999999711e-01 2.615750613093559e-02 6.842151269899330e-04 1.200259151586850e-01 -2.248883497511791e-01 1.236234080827621e+00 6.188148441012296e-01 TOVV
7.674999999999709e-01 2.575248420427492e-02 6.631904426914293e-04 1.205170885651700e-01 -2.241182801627198e-01 1.235398258448335e+00 6.212571490621607e-01 TOVV
7.699999999999706e-01 2.534893396872721e-02 6.425684533508925e-04 1.210035796417490e-01 -2.233504184732581e-01 1.234564830038520e+00 6.237015515628656e-01 TOVV
7.724999999999703e-01 2.494686747513843e-02 6.223461968221199e-04 1.214853311223692e-01 -2.225847931843108e-01 1.233733827943004e+00 6.261480252089339e-01 TOVV
7.749999999999700e-01 2.454629658656080e-02 6.025206761154063e-04 1.219622860930027e-01 -2.218214325036556e-01 1.232905284191411e+00 6.285965434143193e-01 TOVV
7.774999999999698e-01 2.414723297767284e-02 5.830888604780109e-04 1.224343879962343e-01 -2.210603643423648e-01 1.232079230494614e+00 6.310470794056361e-01 TOVV
7.799999999999695e-01 2.374968813424178e-02 5.640476864737445e-04 1.229015806357605e-01 -2.203016163119140e-01 1.231255698241254e+00 6.334996062265007e-01 TOVV
7.824999999999692e-01 2.335367335262815e-02 5.453940590612542e-04 1.233638081807965e-01 -2.195452157213666e-01 1.230434718494354e+00 6.359540967419147e-01 TOVV
7.849999999999689e-01 2.295919973933307e-02 5.271248526705919e-04 1.238210151703928e-01 -2.187911895746351e-01 1.229616321988015e+00 6.384105236426917e-01 TOVV
7.874999999999687e-01 2.256627821058783e-02 5.092369122776511e-04 1.242731465176606e-01 -2.180395645678198e-01 1.228800539124189e+00 6.408688594499221e-01 TOVV
7.899999999999684e-01 2.217491949198611e-02 4.917270544760657e-04 1.247201475139067e-01 -2.172903670866261e-01 1.227987399969559e+00 6.433290765194757e-01 TOVV
7.924999999999681e-01 2.178513411815875e-02 4.745920685461644e-04 1.251619638326772e-01 -2.165436232038616e-01 1.227176934252481e+00 6.457911470465417e-01 TOVV
7.949999999999678e-01 2.139693243249099e-02 4.578287175205848e-04 1.255985415337102e-01 -2.157993586770127e-01 1.226369171360036e+00 6.482550430702015e-01 TOVV
7.974999999999676e-01 2.101032458688229e-02 4.414337392461505e-04 1.260298270667972e-01 -2.150575989459030e-01 1.225564140335165e+00 6.507207364780344e-01 TOVV
7.999999999999673e-01 2.062532054154854e-02 4.254038474416240e-04 1.264557672755551e-01 -2.143183691304320e-01 1.224761869873886e+00 6.531881990107542e-01 TOVV
8.024999999999670e-01 2.024193006486663e-02 4.097357327509514e-04 1.268763094011058e-01 -2.135816940283973e-01 1.223962388322618e+00 6.556574022668744e-01 TOVV
8.049999999999667e-01 1.986016273326134e-02 3.944260637916227e-04 1.272914010856664e-01 -2.128475981133995e-01 1.223165723675585e+00 6.581283177073994e-01 TOVV
8.074999999999665e-01 1.948002793113435e-02 3.794714881977745e-04 1.277009903760488e-01 -2.121161055328296e-01 1.222371903572321e+00 6.606009166605415e-01 TOVV
8.099999999999662e-01 1.910153485083521e-02 3.648686336576722e-04 1.281050257270694e-01 -2.113872401059414e-01 1.221580955295262e+00 6.630751703264606e-01 TOVV
8.124999999999659e-01 1.872469249267424e-02 3.506141089452112e-04 1.285034560048682e-01 -2.106610253220079e-01 1.220792905767436e+00 6.655510497820253e-01 TOVV
8.149999999999656e-01 1.834950966497702e-02 3.367045049450852e-04 1.288962304901393e-01 -2.099374843385621e-01 1.220007781550249e+00 6.680285259855926e-01 TOVV
8.174999999999654e-01 1.797599498418036e-02 3.231363956712775e-04 1.292832988812714e-01 -2.092166399797239e-01 1.219225608841364e+00 6.705075697818059e-01 TOVV
8.199999999999651e-01 1.760415687496950e-02 3.099063392785357e-04 1.296646112973998e-01 -2.084985147346113e-01 1.218446413472675e+00 6.729881519064069e-01 TOVV
8.224999999999648e-01 1.723400357045626e-02 2.970108790664991e-04 1.300401182813694e-01 -2.077831307558383e-01 1.217670220908380e+00 6.754702429910630e-01 TOVV
8.249999999999645e-01 1.686554311239799e-02 2.844465444761553e-04 1.304097708026098e-01 -2.070705098580987e-01 1.216897056243152e+00 6.779538135682029e-01 TOVV
8.274999999999643e-01 1.649878335145686e-02 2.722098520783099e-04 1.307735202599226e-01 -2.063606735168351e-01 1.216126944200395e+00 6.804388340758671e-01 TOVV
8.299999999999640e-01 1.613373194749929e-02 2.602973065537591e-04 1.311313184841812e-01 -2.056536428669954e-01 1.215359909130618e+00 6.829252748625606e-01 TOVV
8.324999999999637e-01 1.577039636993524e-02 2.487054016648667e-04 1.314831177409439e-01 -2.049494387018746e-01 1.214595975009884e+00 6.854131061921142e-01 TOVV
8.349999999999634e-01 1.540878389809694e-02 2.374306212182516e-04 1.318288707329801e-01 -2.042480814720437e-01 1.213835165438371e+00 6.879022982485495e-01 TOVV
8.374999999999632e-01 1.504890162165665e-02 2.264694400183002e-04 1.321685306027119e-01 -2.035495912843646e-01 1.213077503639025e+00 6.903928211409464e-01 TOVV
8.399999999999629e-01 1.469075644108325e-02 2.158183248112289e-04 1.325020509345686e-01 -2.028539879010910e-01 1.212323012456313e+00 6.928846449083080e-01 TOVV
8.424999999999626e-01 1.433435506813704e-02 2.054737352194261e-04 1.328293857572579e-01 -2.021612907390556e-01 1.211571714355067e+00 6.953777395244278e-01 TOVV
8.449999999999623e-01 1.397970402640259e-02 1.954321246658167e-04 1.331504895459524e-01 -2.014715188689437e-01 1.210823631419434e+00 6.978720749027492e-01 TOVV
8.474999999999621e-01 1.362680965185889e-02 1.856899412879946e-04 1.334653172243924e-01 -2.007846910146522e-01 1.210078785351915e+00 7.003676209012225e-01 TOVV
8.499999999999618e-01 1.327567809348672e-02 1.762436288418831e-04 1.337738241669058e-01 -2.001008255527334e-01 1.209337197472506e+00 7.028643473271534e-01 TOVV
8.524999999999615e-01 1.292631531391241e-02 1.670896275946865e-04 1.340759662003462e-01 -1.994199405119256e-01 1.208598888717934e+00 7.053622239420415e-01 TOVV
8.549999999999612e-01 1.257872709008786e-02 1.582243752069102e-04 1.343716996059488e-01 -1.987420535727670e-01 1.207863879640988e+00 7.078612204664086e-01 TOVV
8.574999999999610e-01 1.223291901400599e-02 1.496443076032293e-04 1.346609811211059e-01 -1.980671820672950e-01 1.207132190409951e+00 7.103613065846150e-01 TOVV
8.599999999999607e-01 1.188889649345142e-02 1.413458598320015e-04 1.349437679410618e-01 -1.973953429788287e-01 1.206403840808116e+00 7.128624519496598e-01 TOVV
8.624999999999604e-01 1.154666475278563e-02 1.333254669132221e-04 1.352200177205285e-01 -1.967265529418363e-01 1.205678850233412e+00 7.153646261879651e-01 TOVV
8.649999999999601e-01 1.120622883376616e-02 1.255795646747321e-04 1.354896885752229e-01 -1.960608282418835e-01 1.204957237698112e+00 7.178677989041434e-01 TOVV
8.674999999999599e-01 1.086759359639933e-02 1.181045905764997e-04 1.357527390833257e-01 -1.953981848156666e-01 1.204239021828640e+00 7.203719396857434e-01 TOVV
8.699999999999596e-01 1.053076371982582e-02 1.108969845227997e-04 1.360091282868632e-01 -1.947386382511256e-01 1.203524220865476e+00 7.228770181079754e-01 TOVV
8.724999999999593e-01 1.019574370323865e-02 1.039531896621306e-04 1.362588156930131e-01 -1.940822037876396e-01 1.202812852663142e+00 7.253830037384132e-01 TOVV
8.749999999999590e-01 9.862537866832884e-03 9.726965317471254e-05 1.365017612753349e-01 -1.934288963163025e-01 1.202104934690291e+00 7.278898661416721e-01 TOVV
8.774999999999588e-01 9.531150352786502e-03 9.084282704742227e-05 1.367379254749249e-01 -1.927787303802781e-01 1.201400484029881e+00 7.303975748840581e-01 TOVV
8.799999999999585e-01 9.201585126271840e-03 8.466916883602716e-05 1.369672692014979e-01 -1.921317201752349e-01 1.200699517379442e+00 7.329060995381935e-01 TOVV
8.824999999999582e-01 8.873845976496958e-03 7.874514241459125e-05 1.371897538343962e-01 -1.914878795498587e-01 1.200002051051432e+00 7.354154096876073e-01 TOVV
8.849999999999579e-01 8.547936517776326e-03 7.306721871193407e-05 1.374053412235262e-01 -1.908472220064428e-01 1.199308100973680e+00 7.379254749312995e-01 TOVV
8.874999999999577e-01 8.223860190630195e-03 6.763187643503211e-05 1.376139936902235e-01 -1.902097607015552e-01 1.198617682689920e+00 7.404362648882699e-01 TOVV
8.899999999999574e-01 7.901620262911994e-03 6.243560277926141e-05 1.378156740280486e-01 -1.895755084467805e-01 1.197930811360407e+00 7.429477492020143e-01 TOVV
8.924999999999571e-01 7.581219830963121e-03 5.747489412538849e-05 1.380103455035124e-01 -1.889444777095374e-01 1.197247501762628e+00 7.454598975449845e-01 TOVV
8.949999999999568e-01 7.262661820794470e-03 5.274625672322564e-05 1.381979718567335e-01 -1.883166806139699e-01 1.196567768292083e+00 7.479726796230118e-01 TOVV
8.974999999999566e-01 6.945948989294018e-03 4.824620736187458e-05 1.383785173020284e-01 -1.876921289419112e-01 1.195891624963170e+00 7.504860651796915e-01 TOVV
8.999999999999563e-01 6.631083925459821e-03 4.397127402649163e-05 1.385519465284346e-01 -1.870708341339193e-01 1.195219085410127e+00 7.530000240007299e-01 TOVV
9.024999999999560e-01 6.318069051657748e-03 3.991799654151544e-05 1.387182247001683e-01 -1.864528072903834e-01 1.194550162888084e+00 7.555145259182474e-01 TOVV
9.049999999999557e-01 6.006906624903279e-03 3.608292720030690e-05 1.388773174570178e-01 -1.858380591727002e-01 1.193884870274170e+00 7.580295408150428e-01 TOVV
9.074999999999555e-01 5.697598738166691e-03 3.246263138115867e-05 1.390291909146723e-01 -1.852266002045188e-01 1.193223220068715e+00 7.605450386288112e-01 TOVV
9.099999999999552e-01 5.390147321701001e-03 2.905368814964048e-05 1.391738116649889e-01 -1.846184404730528e-01 1.192565224396527e+00 7.630609893563197e-01 TOVV
9.124999999999549e-01 5.084554144391986e-03 2.585269084725372e-05 1.393111467761976e-01 -1.840135897304587e-01 1.191910895008238e+00 7.655773630575361e-01 TOVV
9.149999999999546e-01 4.780820815129681e-03 2.285624766637722e-05 1.394411637930452e-01 -1.834120573952801e-01 1.191260243281739e+00 7.680941298597109e-01 TOVV
9.174999999999544e-01 4.478948784200784e-03 2.006098221149369e-05 1.395638307368799e-01 -1.828138525539551e-01 1.190613280223674e+00 7.706112599614114e-01 TOVV
9.199999999999541e-01 4.178939344701493e-03 1.746353404669414e-05 1.396791161056768e-01 -1.822189839623871e-01 1.189970016471020e+00 7.731287236365081e-01 TOVV
9.224999999999538e-01 3.880793633970462e-03 1.506055922946567e-05 1.397869888740053e-01 -1.816274600475766e-01 1.189330462292729e+00 7.756464912381096e-01 TOVV
9.249999999999535e-01 3.584512635041951e-03 1.284873083077539e-05 1.398874184929403e-01 -1.810392889093137e-01 1.188694627591446e+00 7.781645332024464e-01 TOVV
9.274999999999533e-01 3.290097178119836e-03 1.082473944147211e-05 1.399803748899170e-01 -1.804544783219297e-01 1.188062521905294e+00 7.806828200527051e-01 TOVV
9.299999999999530e-01 2.997547942074697e-03 8.985293665036249e-06 1.400658284685298e-01 -1.798730357361059e-01 1.187434154409721e+00 7.832013224028075e-01 TOVV
9.324999999999527e-01 2.706865455969357e-03 7.327120596720192e-06 1.401437501082777e-01 -1.792949682807397e-01 1.186809533919427e+00 7.857200109611359e-01 TOVV
9.349999999999524e-01 2.418050100626096e-03 5.846966289137871e-06 1.402141111642539e-01 -1.787202827648652e-01 1.186188668890337e+00 7.882388565342068e-01 TOVV
9.374999999999521e-01 2.131102110269042e-03 4.541596204393164e-06 1.402768834667799e-01 -1.781489856796279e-01 1.185571567421652e+00 7.907578300302875e-01 TOVV
9.399999999999519e-01 1.846021574333783e-03 3.407795652905777e-06 1.403320393209788e-01 -1.775810832003122e-01 1.184958237257951e+00 7.932769024629563e-01 TOVV
9.424999999999516e-01 1.562808439727206e-03 2.442370219282584e-06 1.403795515062748e-01 -1.770165811884195e-01 1.184348685791362e+00 7.957960449546062e-01 TOVV
9.449999999999513e-01 1.281462514553431e-03 1.642146176205602e-06 1.404193932757702e-01 -1.764554851937964e-01 1.183742920063786e+00 7.983152287398942e-01 TOVV
9.474999999999510e-01 1.001983477828751e-03 1.003970889841798e-06 1.404515383553235e-01 -1.758978004568114e-01 1.183140946769176e+00 8.008344251691283e-01 TOVV
9.499999999999508e-01 7.243709229766318e-04 5.247132340540174e-07 1.404759609414228e-01 -1.753435319105775e-01 1.182542772255877e+00 8.033536057116004e-01 TOVV
9.524999999999505e-01 4.486247334370778e-04 2.012641514514891e-07 1.404926356905950e-01 -1.747926841832161e-01 1.181948402529009e+00 8.058727419588627e-01 TOVV
9.549999999999502e-01 1.747592899540742e-04 3.054080942525219e-08 1.405015375184833e-01 -1.742452616000951e-01 1.181357843252824e+00 8.083918056280003e-01 TOVV
9.574999999999499e-01 0.000000000000000e+00 0.000000000000000e+00 1.405031329965557e-01 -1.737012679282949e-01 1.180771099451143e+00 8.109107687722235e-01 TOVV
9.599999999999497e-01 0.000000000000000e+00 0.000000000000000e+00 1.405031329965557e-01 -1.731606926062604e-01 1.180188159483435e+00 8.134296148337385e-01 TOVV
9.624999999999494e-01 0.000000000000000e+00 0.000000000000000e+00 1.405031329965557e-01 -1.726235047407996e-01 1.179608988077214e+00 8.159483436700864e-01 TOVV
9.649999999999491e-01 0.000000000000000e+00 0.000000000000000e+00 1.405031329965557e-01 -1.720896722835301e-01 1.179033548609550e+00 8.184669563796434e-01 TOVV
9.674999999999488e-01 0.000000000000000e+00 0.000000000000000e+00 1.405031329965557e-01 -1.715591635928375e-01 1.178461804932968e+00 8.209854540470080e-01 TOVV
9.699999999999486e-01 0.000000000000000e+00 0.000000000000000e+00 1.405031329965557e-01 -1.710319474273850e-01 1.177893721367709e+00 8.235038377432173e-01 TOVV
9.724999999999483e-01 0.000000000000000e+00 0.000000000000000e+00 1.405031329965557e-01 -1.705079929397482e-01 1.177329262694165e+00 8.260221085259604e-01 TOVV
9.749999999999480e-01 0.000000000000000e+00 0.000000000000000e+00 1.405031329965557e-01 -1.699872696701711e-01 1.176768394145437e+00 8.285402674397861e-01 TOVV
9.774999999999477e-01 0.000000000000000e+00 0.000000000000000e+00 1.405031329965557e-01 -1.694697475404422e-01 1.176211081400057e+00 8.310583155163092e-01 TOVV
9.799999999999475e-01 0.000000000000000e+00 0.000000000000000e+00 1.405031329965557e-01 -1.689553968478869e-01 1.175657290574839e+00 8.335762537744098e-01 TOVV
9.824999999999472e-01 0.000000000000000e+00 0.000000000000000e+00 1.405031329965557e-01 -1.684441882594749e-01 1.175106988217875e+00 8.360940832204320e-01 TOVV
9.849999999999469e-01 0.000000000000000e+00 0.000000000000000e+00 1.405031329965557e-01 -1.679360928060376e-01 1.174560141301658e+00 8.386118048483763e-01 TOVV
9.874999999999466e-01 0.000000000000000e+00 0.000000000000000e+00 1.405031329965557e-01 -1.674310818765954e-01 1.174016717216343e+00 8.411294196400902e-01 TOVV
9.899999999999464e-01 0.000000000000000e+00 0.000000000000000e+00 1.405031329965557e-01 -1.669291272127926e-01 1.173476683763138e+00 8.436469285654544e-01 TOVV
9.924999999999461e-01 0.000000000000000e+00 0.000000000000000e+00 1.405031329965557e-01 -1.664302009034342e-01 1.172940009147811e+00 8.461643325825656e-01 TOVV
9.949999999999458e-01 0.000000000000000e+00 0.000000000000000e+00 1.405031329965557e-01 -1.659342753791273e-01 1.172406661974331e+00 8.486816326379168e-01 TOVV
9.974999999999455e-01 0.000000000000000e+00 0.000000000000000e+00 1.405031329965557e-01 -1.654413234070208e-01 1.171876611238624e+00 8.511988296665726e-01 TOVV
9.999999999999453e-01 0.000000000000000e+00 0.000000000000000e+00 1.405031329965557e-01 -1.649513180856430e-01 1.171349826322444e+00 8.537159245923427e-01 TOVV
1.002499999999945e+00 0.000000000000000e+00 0.000000000000000e+00 1.405031329965557e-01 -1.644642328398346e-01 1.170826276987367e+00 8.562329183279525e-01 TOVV
1.004999999999945e+00 0.000000000000000e+00 0.000000000000000e+00 1.405031329965557e-01 -1.639800414157756e-01 1.170305933368891e+00 8.587498117752084e-01 TOVV
1.007499999999945e+00 0.000000000000000e+00 0.000000000000000e+00 1.405031329965557e-01 -1.634987178761029e-01 1.169788765970646e+00 8.612666058251635e-01 TOVV
1.009999999999944e+00 0.000000000000000e+00 0.000000000000000e+00 1.405031329965557e-01 -1.630202365951179e-01 1.169274745658715e+00 8.637833013582767e-01 TOVV
1.012499999999944e+00 0.000000000000000e+00 0.000000000000000e+00 1.405031329965557e-01 -1.625445722540814e-01 1.168763843656060e+00 8.662998992445723e-01 TOVV
1.014999999999944e+00 0.000000000000000e+00 0.000000000000000e+00 1.405031329965557e-01 -1.620716998365940e-01 1.168256031537049e+00 8.688164003437934e-01 TOVV
1.017499999999943e+00 0.000000000000000e+00 0.000000000000000e+00 1.405031329965557e-01 -1.616015946240605e-01 1.167751281222081e+00 8.713328055055558e-01 TOVV
1.019999999999943e+00 0.000000000000000e+00 0.000000000000000e+00 1.405031329965557e-01 -1.611342321912362e-01 1.167249564972322e+00 8.738491155694965e-01 TOVV
1.022499999999943e+00 0.000000000000000e+00 0.000000000000000e+00 1.405031329965557e-01 -1.606695884018535e-01 1.166750855384519e+00 8.763653313654216e-01 TOVV
1.024999999999943e+00 0.000000000000000e+00 0.000000000000000e+00 1.405031329965557e-01 -1.602076394043277e-01 1.166255125385925e+00 8.788814537134495e-01 TOVV
1.027499999999942e+00 0.000000000000000e+00 0.000000000000000e+00 1.405031329965557e-01 -1.597483616275383e-01 1.165762348229305e+00 8.813974834241542e-01 TOVV
1.029999999999942e+00 0.000000000000000e+00 0.000000000000000e+00 1.405031329965557e-01 -1.592917317766873e-01 1.165272497488044e+00 8.839134212987033e-01 TOVV
1.032499999999942e+00 0.000000000000000e+00 0.000000000000000e+00 1.405031329965557e-01 -1.588377268292298e-01 1.164785547051330e+00 8.864292681289954e-01 TOVV
1.034999999999942e+00 0.000000000000000e+00 0.000000000000000e+00 1.405031329965557e-01 -1.583863240308786e-01 1.164301471119431e+00 8.889450246977947e-01 TOVV
1.037499999999941e+00 0.000000000000000e+00 0.000000000000000e+00 1.405031329965557e-01 -1.579375008916766e-01 1.163820244199062e+00 8.914606917788629e-01 TOVV
1.039999999999941e+00 0.000000000000000e+00 0.000000000000000e+00 1.405031329965557e-01 -1.574912351821421e-01 1.163341841098824e+00 8.939762701370890e-01 TOVV
1.042499999999941e+00 0.000000000000000e+00 0.000000000000000e+00 1.405031329965557e-01 -1.570475049294789e-01 1.162866236924731e+00 8.964917605286173e-01 TOVV
1.044999999999940e+00 0.000000000000000e+00 0.000000000000000e+00 1.405031329965557e-01 -1.566062884138545e-01 1.162393407075818e+00 8.990071637009720e-01 TOVV
1.047499999999940e+00 0.000000000000000e+00 0.000000000000000e+00 1.405031329965557e-01 -1.561675641647426e-01 1.161923327239820e+00 9.015224803931808e-01 TOVV
1.049999999999940e+00 0.000000000000000e+00 0.000000000000000e+00 1.405031329965557e-01 -1.557313109573293e-01 1.161455973388936e+00 9.040377113358964e-01 TOVV
1.052499999999940e+00 0.000000000000000e+00 0.000000000000000e+00 1.405031329965557e-01 -1.552975078089828e-01 1.160991321775662e+00 9.065528572515149e-01 TOVV
1.054999999999939e+00 0.000000000000000e+00 0.000000000000000e+00 1.405031329965557e-01 -1.548661339757827e-01 1.160529348928699e+00 9.090679188542927e-01 TOVV
1.057499999999939e+00 0.000000000000000e+00 0.000000000000000e+00 1.405031329965557e-01 -1.544371689491100e-01 1.160070031648930e+00 9.115828968504620e-01 TOVV
1.059999999999939e+00 0.000000000000000e+00 0.000000000000000e+00 1.405031329965557e-01 -1.540105924522962e-01 1.159613347005477e+00 9.140977919383435e-01 TOVV
1.062499999999938e+00 0.000000000000000e+00 0.000000000000000e+00 1.405031329965557e-01 -1.535863844373289e-01 1.159159272331812e+00 9.166126048084577e-01 TOVV
1.064999999999938e+00 0.000000000000000e+00 0.000000000000000e+00 1.405031329965557e-01 -1.531645250816148e-01 1.158707785221947e+00 9.191273361436337e-01 TOVV
1.067499999999938e+00 0.000000000000000e+00 0.000000000000000e+00 1.405031329965557e-01 -1.527449947847972e-01 1.158258863526689e+00 9.216419866191170e-01 TOVV
1.069999999999938e+00 0.000000000000000e+00 0.000000000000000e+00 1.405031329965557e-01 -1.523277741656277e-01 1.157812485349949e+00 9.241565569026750e-01 TOVV
1.072499999999937e+00 0.000000000000000e+00 0.000000000000000e+00 1.405031329965557e-01 -1.519128440588916e-01 1.157368629045132e+00 9.266710476547007e-01 TOVV
1.074999999999937e+00 0.000000000000000e+00 0.000000000000000e+00 1.405031329965557e-01 -1.515001855123846e-01 1.156927273211575e+00 9.291854595283148e-01 TOVV
1.077499999999937e+00 0.000000000000000e+00 0.000000000000000e+00 1.405031329965557e-01 -1.510897797839407e-01 1.156488396691048e+00 9.316997931694662e-01 TOVV
1.079999999999937e+00 0.000000000000000e+00 0.000000000000000e+00 1.405031329965557e-01 -1.506816083385097e-01 1.156051978564324e+00 9.342140492170307e-01 TOVV
1.082499999999936e+00 0.000000000000000e+00 0.000000000000000e+00 1.405031329965557e-01 -1.502756528452849e-01 1.155617998147794e+00 9.367282283029079e-01 TOVV
1.084999999999936e+00 0.000000000000000e+00 0.000000000000000e+00 1.405031329965557e-01 -1.498718951748772e-01 1.155186434990153e+00 9.392423310521167e-01 TOVV
1.087499999999936e+00 0.000000000000000e+00 0.000000000000000e+00 1.405031329965557e-01 -1.494703173965371e-01 1.154757268869130e+00 9.417563580828896e-01 TOVV
1.089999999999935e+00 0.000000000000000e+00 0.000000000000000e+00 1.405031329965557e-01 -1.490709017754232e-01 1.154330479788279e+00 9.442703100067644e-01 TOVV
1.092499999999935e+00 0.000000000000000e+00 0.000000000000000e+00 1.405031329965557e-01 -1.486736307699154e-01 1.153906047973828e+00 9.467841874286758e-01 TOVV
1.094999999999935e+00 0.000000000000000e+00 0.000000000000000e+00 1.405031329965557e-01 -1.482784870289723e-01 1.153483953871571e+00 9.492979909470438e-01 TOVV
1.097499999999935e+00 0.000000000000000e+00 0.000000000000000e+00 1.405031329965557e-01 -1.478854533895328e-01 1.153064178143821e+00 9.518117211538626e-01 TOVV
1.099999999999934e+00 0.000000000000000e+00 0.000000000000000e+00 1.405031329965557e-01 -1.474945128739601e-01 1.152646701666409e+00 9.543253786347867e-01 TOVV
1.102499999999934e+00 0.000000000000000e+00 0.000000000000000e+00 1.405031329965557e-01 -1.471056486875271e-01 1.152231505525735e+00 9.568389639692156e-01 TOVV
1.104999999999934e+00 0.000000000000000e+00 0.000000000000000e+00 1.405031329965557e-01 -1.467188442159437e-01 1.151818571015865e+00 9.593524777303784e-01 TOVV
1.107499999999934e+00 0.000000000000000e+00 0.000000000000000e+00 1.405031329965557e-01 -1.463340830229237e-01 1.151407879635681e+00 9.618659204854147e-01 TOVV
1.109999999999933e+00 0.000000000000000e+00 0.000000000000000e+00 1.405031329965557e-01 -1.459513488477917e-01 1.150999413086072e+00 9.643792927954578e-01 TOVV
1.112499999999933e+00 0.000000000000000e+00 0.000000000000000e+00 1.405031329965557e-01 -1.455706256031280e-01 1.150593153267180e+00 9.668925952157121e-01 TOVV
1.114999999999933e+00 0.000000000000000e+00 0.000000000000000e+00 1.405031329965557e-01 -1.451918973724527e-01 1.150189082275678e+00 9.694058282955331e-01 TOVV
1.117499999999932e+00 0.000000000000000e+00 0.000000000000000e+00 1.405031329965557e-01 -1.448151484079462e-01 1.149787182402106e+00 9.719189925785046e-01 TOVV
1.119999999999932e+00 0.000000000000000e+00 0.000000000000000e+00 1.405031329965557e-01 -1.444403631282060e-01 1.149387436128243e+00 9.744320886025133e-01 TOVV
1.122499999999932e+00 0.000000000000000e+00 0.000000000000000e+00 1.405031329965557e-01 -1.440675261160409e-01 1.148989826124523e+00 9.769451168998255e-01 TOVV
1.124999999999932e+00 0.000000000000000e+00 0.000000000000000e+00 1.405031329965557e-01 -1.436966221162986e-01 1.148594335247490e+00 9.794580779971594e-01 TOVV
1.127499999999931e+00 0.000000000000000e+00 0.000000000000000e+00 1.405031329965557e-01 -1.433276360337295e-01 1.148200946537305e+00 9.819709724157580e-01 TOVV
1.129999999999931e+00 0.000000000000000e+00 0.000000000000000e+00 1.405031329965557e-01 -1.429605529308832e-01 1.147809643215279e+00 9.844838006714602e-01 TOVV
1.132499999999931e+00 0.000000000000000e+00 0.000000000000000e+00 1.405031329965557e-01 -1.425953580260391e-01 1.147420408681456e+00 9.869965632747713e-01 TOVV
1.134999999999931e+00 0.000000000000000e+00 0.000000000000000e+00 1.405031329965557e-01 -1.422320366911694e-01 1.147033226512228e+00 9.895092607309319e-01 TOVV
1.137499999999930e+00 0.000000000000000e+00 0.000000000000000e+00 1.405031329965557e-01 -1.418705744499338e-01 1.146648080457995e+00 9.920218935399859e-01 TOVV
1.139999999999930e+00 0.000000000000000e+00 0.000000000000000e+00 1.405031329965557e-01 -1.415109569757066e-01 1.146264954440855e+00 9.945344621968477e-01 TOVV
1.142499999999930e+00 0.000000000000000e+00 0.000000000000000e+00 1.405031329965557e-01 -1.411531700896342e-01 1.145883832552338e+00 9.970469671913678e-01 TOVV
1.144999999999929e+00 0.000000000000000e+00 0.000000000000000e+00 1.405031329965557e-01 -1.407971997587222e-01 1.145504699051169e+00 9.995594090083977e-01 TOVV
