-1.5499999999999998e+00 9.9999999999998312e-01 1.7320508075686769e+00 1.1547005383791076e+00 5.0000000000000600e-01 -1.5016769431632890e+00 1.8095027128526817e+00 -2.9178406233513682e-01 2.2972037309242285e-01 -9.1888149236959454e-02 -6.8750000000013378e-01 5.4126587736539422e-01 -2.1650635094609849e-01 -3.0587742700049507e-16
-1.5249999999999999e+00 9.9999999999998312e-01 1.7320508075686769e+00 1.1547005383791076e+00 5.0000000000000311e-01 -1.4728094297038079e+00 1.7662014426634649e+00 -2.9178406233513682e-01 2.2972037309242285e-01 -9.1888149236959454e-02 -6.8750000000013378e-01 5.4126587736539422e-01 -2.1650635094609849e-01 -2.2929762886166554e-15
-1.5000000000000000e+00 9.9999999999999201e-01 1.7320508075686769e+00 1.1547005383791298e+00 5.0000000000000022e-01 -1.4439419162443268e+00 1.7229001724742481e+00 -2.9178406233513815e-01 2.2972037309242610e-01 -9.1888149236959163e-02 -6.8750000000013378e-01 5.4126587736539422e-01 -2.1650635094609849e-01 -4.2800751502328157e-15
-1.4750000000000001e+00 1.0000000000000009e+00 1.7320508075686769e+00 1.1547005383791498e+00 4.9999999999999739e-01 -1.4150744027848456e+00 1.6795989022850313e+00 -2.9178406233514748e-01 2.2972037309242435e-01 -9.1888149236944619e-02 -6.8750000000013378e-01 5.4126587736539422e-01 -2.1650635094609849e-01 -6.2671740118489761e-15
-1.4499999999999997e+00 1.0000000000000098e+00 1.7320508075686769e+00 1.1547005383791720e+00 4.9999999999999450e-01 -1.3862068893253645e+00 1.6362976320958145e+00 -2.9178406233514648e-01 2.2972037309242468e-01 -9.1888149236941968e-02 -6.8750000000012246e-01 5.4126587736538800e-01 -2.1650635094608944e-01 -8.2542728734651364e-15
-1.4249999999999998e+00 1.0000000000000142e+00 1.7320508075687080e+00 1.1547005383791786e+00 4.9999999999999289e-01 -1.3573393758658827e+00 1.5929963619065968e+00 -2.9178406233514859e-01 2.2972037309242460e-01 -9.1888149236944508e-02 -6.8750000000011047e-01 5.4126587736537435e-01 -2.1650635094609008e-01 -9.7524787927144338e-15
-1.3999999999999999e+00 1.0000000000000142e+00 1.7320508075686991e+00 1.1547005383791920e+00 4.9999999999999106e-01 -1.3284718624064009e+00 1.5496950917173793e+00 -2.9178406233514365e-01 2.2972037309242382e-01 -9.1888149236944841e-02 -6.8750000000009870e-01 5.4126587736537246e-01 -2.1650635094609080e-01 -1.0100092053633894e-14
-1.3750000000000000e+00 1.0000000000000187e+00 1.7320508075687657e+00 1.1547005383792164e+00 4.9999999999998873e-01 -1.2996043489469198e+00 1.5063938215281603e+00 -2.9178406233514398e-01 2.2972037309242066e-01 -9.1888149236949976e-02 -6.8750000000006140e-01 5.4126587736533505e-01 -2.1650635094609091e-01 -1.0088225409931778e-14
-1.3500000000000001e+00 1.0000000000000187e+00 1.7320508075688013e+00 1.1547005383792253e+00 4.9999999999998862e-01 -1.2707368354874389e+00 1.4630925513389401e+00 -2.9178406233514287e-01 2.2972037309241863e-01 -9.1888149236954264e-02 -6.8750000000004041e-01 5.4126587736531573e-01 -2.1650635094609522e-01 -9.2075729987032682e-15
-1.3249999999999997e+00 1.0000000000000142e+00 1.7320508075688146e+00 1.1547005383792208e+00 4.9999999999998934e-01 -1.2418693220279580e+00 1.4197912811497198e+00 -2.9178406233514381e-01 2.2972037309241788e-01 -9.1888149236956443e-02 -6.8750000000003897e-01 5.4126587736531118e-01 -2.1650635094609921e-01 -9.2305472031213126e-15
-1.2999999999999998e+00 1.0000000000000053e+00 1.7320508075688235e+00 1.1547005383792253e+00 4.9999999999998962e-01 -1.2130018085684768e+00 1.3764900109604989e+00 -2.9178406233514104e-01 2.2972037309241497e-01 -9.1888149236958205e-02 -6.8750000000002942e-01 5.4126587736530196e-01 -2.1650635094610243e-01 -9.1553411140128581e-15
-1.2749999999999999e+00 9.9999999999999645e-01 1.7320508075688679e+00 1.1547005383792408e+00 4.9999999999999084e-01 -1.1841342951089957e+00 1.3331887407712772e+00 -2.9178406233514137e-01 2.2972037309241267e-01 -9.1888149236964256e-02 -6.8750000000000822e-01 5.4126587736527909e-01 -2.1650635094610976e-01 -7.8507362107626858e-15
-1.2500000000000000e+00 9.9999999999999645e-01 1.7320508075688945e+00 1.1547005383792697e+00 4.9999999999999223e-01 -1.1552667816495141e+00 1.2898874705820549e+00 -2.9178406233514054e-01 2.2972037309241178e-01 -9.1888149236966643e-02 -6.8749999999998568e-01 5.4126587736526088e-01 -2.1650635094610887e-01 -7.2122223425713890e-15
-1.2250000000000001e+00 1.0000000000000009e+00 1.7320508075688990e+00 1.1547005383792763e+00 4.9999999999999384e-01 -1.1263992681900323e+00 1.2465862003928325e+00 -2.9178406233513943e-01 2.2972037309241247e-01 -9.1888149236967850e-02 -6.8749999999997802e-01 5.4126587736525844e-01 -2.1650635094611015e-01 -6.0955271269360323e-15
-1.1999999999999997e+00 1.0000000000000053e+00 1.7320508075689034e+00 1.1547005383792674e+00 4.9999999999999495e-01 -1.0975317547305512e+00 1.2032849302036099e+00 -2.9178406233513926e-01 2.2972037309241231e-01 -9.1888149236968239e-02 -6.8749999999997691e-01 5.4126587736525755e-01 -2.1650635094611084e-01 -5.6600713865116258e-15
-1.1749999999999998e+00 1.0000000000000009e+00 1.7320508075689078e+00 1.1547005383792652e+00 4.9999999999999539e-01 -1.0686642412710703e+00 1.1599836600143871e+00 -2.9178406233513993e-01 2.2972037309241153e-01 -9.1888149236968697e-02 -6.8749999999997846e-01 5.4126587736525578e-01 -2.1650635094611193e-01 -5.9127559707451929e-15
-1.1499999999999999e+00 1.0000000000000009e+00 1.7320508075689078e+00 1.1547005383792741e+00 4.9999999999999578e-01 -1.0397967278115889e+00 1.1166823898251645e+00 -2.9178406233514009e-01 2.2972037309241219e-01 -9.1888149236968836e-02 -6.8749999999997613e-01 5.4126587736525522e-01 -2.1650635094611140e-01 -5.6443948357257080e-15
-1.1250000000000000e+00 1.0000000000000053e+00 1.7320508075689034e+00 1.1547005383792630e+00 4.9999999999999628e-01 -1.0109292143521076e+00 1.0733811196359420e+00 -2.9178406233514093e-01 2.2972037309241286e-01 -9.1888149236968017e-02 -6.8749999999998224e-01 5.4126587736526000e-01 -2.1650635094611079e-01 -4.6328206636613221e-15
-1.1000000000000001e+00 1.0000000000000098e+00 1.7320508075689078e+00 1.1547005383792674e+00 4.9999999999999711e-01 -9.8206170089262634e-01 1.0300798494467194e+00 -2.9178406233514065e-01 2.2972037309241256e-01 -9.1888149236967198e-02 -6.8749999999997724e-01 5.4126587736525578e-01 -2.1650635094610746e-01 -3.4843419806929447e-15
-1.0750000000000000e+00 1.0000000000000142e+00 1.7320508075688990e+00 1.1547005383792652e+00 4.9999999999999833e-01 -9.5319418743314510e-01 9.8677857925749690e-01 -2.9178406233514043e-01 2.2972037309241375e-01 -9.1888149236966449e-02 -6.8749999999998024e-01 5.4126587736526144e-01 -2.1650635094610679e-01 -2.3330320551041718e-15
-1.0500000000000000e+00 1.0000000000000120e+00 1.7320508075688967e+00 1.1547005383792719e+00 4.9999999999999922e-01 -9.2432667397366353e-01 9.4347730906827443e-01 -2.9178406233514037e-01 2.2972037309241383e-01 -9.1888149236966241e-02 -6.8749999999997957e-01 5.4126587736526122e-01 -2.1650635094610615e-01 -1.5480360363994930e-15
-1.0249999999999999e+00 1.0000000000000098e+00 1.7320508075688945e+00 1.1547005383792674e+00 4.9999999999999972e-01 -8.9545916051418184e-01 9.0017603887905207e-01 -2.9178406233514131e-01 2.2972037309241450e-01 -9.1888149236966921e-02 -6.8749999999998479e-01 5.4126587736526510e-01 -2.1650635094610868e-01 -1.3375153395507448e-15
-1.0000000000000000e+00 1.0000000000000098e+00 1.7320508075688856e+00 1.1547005383792674e+00 4.9999999999999956e-01 -8.6659164705470038e-01 8.5687476868982992e-01 -2.9178406233514159e-01 2.2972037309241547e-01 -9.1888149236966310e-02 -6.8749999999998934e-01 5.4126587736527043e-01 -2.1650635094610846e-01 -1.4693238748194608e-15
-9.7499999999999987e-01 1.0000000000000075e+00 1.7320508075688834e+00 1.1547005383792719e+00 4.9999999999999950e-01 -8.3772413359521880e-01 8.1357349850060778e-01 -2.9178406233514220e-01 2.2972037309241580e-01 -9.1888149236966032e-02 -6.8749999999999101e-01 5.4126587736527143e-01 -2.1650635094610790e-01 -1.1732207464928909e-15
-9.4999999999999996e-01 1.0000000000000075e+00 1.7320508075688790e+00 1.1547005383792674e+00 4.9999999999999933e-01 -8.0885662013573711e-01 7.7027222831138586e-01 -2.9178406233514237e-01 2.2972037309241600e-01 -9.1888149236965658e-02 -6.8749999999999467e-01 5.4126587736527443e-01 -2.1650635094610804e-01 -1.9353421607195611e-15
-9.2499999999999982e-01 1.0000000000000075e+00 1.7320508075688790e+00 1.1547005383792674e+00 5.0000000000000122e-01 -7.7998910667625587e-01 7.2697095812216384e-01 -2.9178406233514204e-01 2.2972037309241580e-01 -9.1888149236965630e-02 -6.8749999999999389e-01 5.4126587736527398e-01 -2.1650635094610796e-01 -8.4903322717108725e-15
-8.9999999999999991e-01 1.0000000000000053e+00 1.7320508075688812e+00 1.1547005383792763e+00 5.0000000000002320e-01 -7.5112159321677441e-01 6.8366968793294181e-01 -2.9178406233514143e-01 2.2972037309241541e-01 -9.1888149236965894e-02 -6.8749999999998945e-01 5.4126587736527076e-01 -2.1650635094610765e-01 -8.0793749369916596e-14
-8.7500000000000000e-01 1.0000000000000075e+00 1.7320508075688834e+00 1.1547005383792719e+00 5.0000000000025158e-01 -7.2225407975729272e-01 6.4036841774371978e-01 -2.9178406233514215e-01 2.2972037309241575e-01 -9.1888149236965991e-02 -6.8749999999999090e-01 5.4126587736527132e-01 -2.1650635094610779e-01 -7.8809890313913842e-13
-8.4999999999999987e-01 1.0000000000000098e+00 1.7320508075688812e+00 1.1547005383793119e+00 5.0000000000240163e-01 -6.9338656629781048e-01 5.9706714755449775e-01 -2.9178406233514703e-01 2.2972037309241941e-01 -9.1888149236963132e-02 -6.8749999999999101e-01 5.4126587736527099e-01 -2.1650635094609746e-01 -7.1767276940135293e-12
-8.2499999999999996e-01 1.0000000000000053e+00 1.7320508075688767e+00 1.1547005383796360e+00 5.0000000002101053e-01 -6.6451905283831936e-01 5.5376587736527572e-01 -2.9178406233519177e-01 2.2972037309244370e-01 -9.1888149236935196e-02 -6.8750000000000300e-01 5.4126587736525467e-01 -2.1650635094600224e-01 -6.0165457906659853e-11
-7.9999999999999982e-01 1.0000000000000020e+00 1.7320508075688024e+00 1.1547005383825848e+00 5.0000000016877988e-01 -6.3565153937875474e-01 5.1046460717605568e-01 -2.9178406233558007e-01 2.2972037309266932e-01 -9.1888149236688740e-02 -6.8750000000007405e-01 5.4126587736512188e-01 -2.1650635094515580e-01 -4.6278020101820613e-10
-7.7499999999999991e-01 9.9999999999999201e-01 1.7320508075680885e+00 1.1547005384077380e+00 5.0000000124234589e-01 -6.0678402591856162e-01 4.6716333698685319e-01 -2.9178406233886561e-01 2.2972037309458593e-01 -9.1888149234577193e-02 -6.8750000000064881e-01 5.4126587736399556e-01 -2.1650635093792370e-01 -3.2573080723049310e-09
-7.5000000000000000e-01 1.0000000000000164e+00 1.7320508075605190e+00 1.1547005386155051e+00 5.0000000835598257e-01 -5.7791651245317355e-01 4.2386206679784111e-01 -2.9178406236556659e-01 2.2972037311026280e-01 -9.1888149216923121e-02 -6.8750000000508382e-01 5.4126587735489406e-01 -2.1650635087791156e-01 -2.0917913059596627e-08
-7.2499999999999987e-01 1.0000000000000009e+00 1.7320508075017038e+00 1.1547005402995492e+00 5.0000005119573299e-01 -5.4904899894568537e-01 3.8056079661029724e-01 -2.9178406258258738e-01 2.2972037323786781e-01 -9.1888149074676184e-02 -6.8750000004136103e-01 5.4126587728153885e-01 -2.1650635039314312e-01 -1.2215814236266503e-07
-6.9999999999999996e-01 9.9999999999998757e-01 1.7320508073781227e+00 1.1547005536867605e+00 5.0000028473380120e-01 -5.2018148510351381e-01 3.3725952642584511e-01 -2.9178406439732651e-01 2.2972037429033026e-01 -9.1888147991856864e-02 -6.8750000038710490e-01 5.4126587666716663e-01 -2.1650634660413884e-01 -6.4635291158901532e-07
-6.7499999999999982e-01 9.9999999999999978e-01 1.7320508073520136e+00 1.1547006586973341e+00 5.0000143193391577e-01 -4.9131396863608034e-01 2.9395825624204414e-01 -2.9178407886429120e-01 2.2972038264199793e-01 -9.1888139628927196e-02 -6.8750000322448901e-01 5.4126587174264218e-01 -2.1650631705838055e-01 -3.0858837532385433e-06
-6.4999999999999991e-01 1.0000000000000264e+00 1.7320508074959984e+00 1.1547014745846940e+00 5.0000648355549393e-01 -4.6244643177145967e-01 2.5065698605464548e-01 -2.9178419136164835e-01 2.2972044757581361e-01 -9.1888074706525963e-02 -6.8750002533912513e-01 5.4126583346504586e-01 -2.1650608757895645e-01 -1.3233826037872432e-05
-6.2500000000000000e-01 9.9999999999979938e-01 1.7320508095033889e+00 1.1547078341932249e+00 5.0002630558669137e-01 -4.3357873591663937e-01 2.0735571581705378e-01 -2.9178506858619901e-01 2.2972095364337491e-01 -9.1887568430580713e-02 -6.8750019811558316e-01 5.4126553461547122e-01 -2.1650429820304870e-01 -5.0725880945834082e-05
-5.9999999999999987e-01 1.0000000000015574e+00 1.7320508463685558e+00 1.1547503884997790e+00 5.0009514390448762e-01 -4.0470997620415733e-01 1.6405444465789082e-01 -2.9179094504741809e-01 2.2972433834330258e-01 -9.1884177453231117e-02 -6.8750135913978228e-01 5.4126352280343049e-01 -2.1649231394850749e-01 -1.7285695087610056e-04
-5.7499999999999996e-01 9.9999999999945555e-01 1.7320511407979469e+00 1.1548617637091652e+00 5.0030509101055831e-01 -3.7583843211140777e-01 1.2075316613783867e-01 -2.9180643288588154e-01 2.2973317385254674e-01 -9.1875215111403133e-02 -6.8750456072351362e-01 5.4125813201274176e-01 -2.1646071603652994e-01 -5.2076599526965702e-04
-5.4999999999999993e-01 9.9999999999570044e-01 1.7320558279975717e+00 1.1549953389766032e+00 5.0086254543104536e-01 -3.4696354863713524e-01 7.7451770437908976e-02 -2.9182592241998406e-01 2.2974439686394599e-01 -9.1865478187358005e-02 -6.8750861529697394e-01 5.4125161620444706e-01 -2.1642459716546353e-01 -1.3794426870336138e-03
-5.2499999999999991e-01 1.0000000000037101e+00 1.7320702674071025e+00 1.1550360104689661e+00 5.0213872471965204e-01 -3.1808764837537390e-01 3.4150013752922051e-02 -2.9183523002604628e-01 2.2974952971907023e-01 -9.1864754335196447e-02 -6.8751198612338504e-01 5.4124909961684242e-01 -2.1641705047773324e-01 -3.1974010048284756e-03
-5.0000000000000000e-01 1.0000000000057621e+00 1.7320885161720783e+00 1.1550257758468763e+00 5.0463346798212028e-01 -2.8921200397918501e-01 -9.1521991515192466e-03 -2.9183857250530604e-01 2.2975050445790948e-01 -9.1867766129720044e-02 -6.8751475976928711e-01 5.4124738043796550e-01 -2.1642254010157339e-01 -6.4714368348925437e-03
-4.7499999999999987e-01 9.9999999999932321e-01 1.7320927189586406e+00 1.1547211059788376e+00 5.0877019769563947e-01 -2.6034397632966799e-01 -5.2454517125506896e-02 -2.9179835627683570e-01 2.2972505476003227e-01 -9.1889494256402124e-02 -6.8750884051531880e-01 5.4125735336750336e-01 -2.1650169815152306e-01 -1.1466381947591447e-02
-4.4999999999999996e-01 9.9999999999893374e-01 1.7320871624485177e+00 1.1537511687177660e+00 5.1459011374363806e-01 -2.3150019711179901e-01 -9.5756696186707943e-02 -2.9166709041439970e-01 2.2964168400014737e-01 -9.1954249132880722e-02 -6.8749066113964885e-01 5.4129011584465414e-01 -2.1674604234966877e-01 -1.7966882721482030e-02
-4.2500000000000004e-01 1.0000000000001961e+00 1.7320506327652283e+00 1.1533012790576680e+00 5.2164888057742609e-01 -2.0266766513543458e-01 -1.3905796200581899e-01 -2.9159262928043073e-01 2.2960682007387581e-01 -9.1995049899164655e-02 -6.8746530537561878e-01 5.4132617504061564e-01 -2.1688958746331002e-01 -2.5368011025335133e-02
-3.9999999999999991e-01 1.0000000000004245e+00 1.7319871432104654e+00 1.1533396956312014e+00 5.2928510796475969e-01 -1.7383417274463400e-01 -1.8235764058609458e-01 -2.9157887487184853e-01 2.2960679958757418e-01 -9.1991241096876619e-02 -6.8744981427469865e-01 5.4133946364275964e-01 -2.1688595113326065e-01 -3.3048900619372198e-02
-3.7500000000000000e-01 9.9999999999991984e-01 1.7319445531081801e+00 1.1543323581199805e+00 5.3700066458505036e-01 -1.4497586379152547e-01 -2.2565625441379775e-01 -2.9170226618947875e-01 2.2968559881461009e-01 -9.1914997321656269e-02 -6.8746429849317281e-01 5.4130758435899140e-01 -2.1661908897783319e-01 -4.0671029179770023e-02
-3.4999999999999987e-01 9.9999999999970945e-01 1.7319112374444052e+00 1.1578279385915375e+00 5.4460409546145661e-01 -1.1603016532662146e-01 -2.6895403534991447e-01 -2.9208435434623958e-01 2.3011484334327489e-01 -9.1942960775605570e-02 -6.8733779732520062e-01 5.4151010556323032e-01 -2.1636171605463353e-01 -4.8094090525774874e-02
-3.2499999999999996e-01 9.9999999999992650e-01 1.7318658834408829e+00 1.1660332777474332e+00 5.5198235146691477e-01 -8.6879333382923973e-02 -3.1225068243592452e-01 -2.9288306354659477e-01 2.3142203168615799e-01 -9.2543549027793839e-02 -6.8678520267439636e-01 5.4266445116452855e-01 -2.1700653942097936e-01 -5.5123269860155054e-02
-2.9999999999999982e-01 1.0000000000005160e+00 1.7322023182429991e+00 1.1871712330988029e+00 5.5910294568090035e-01 -5.7200052555380514e-02 -3.5555574039199678e-01 -2.9445522898243842e-01 2.3516345498903310e-01 -9.5096183067678988e-02 -6.8397442792857488e-01 5.4624871207644299e-01 -2.2089387794769305e-01 -6.1516557450110400e-02
-2.7499999999999991e-01 9.9999999999987432e-01 1.7313465852845811e+00 1.2438029919915274e+00 5.6585111237380137e-01 -2.6104977755530820e-02 -3.9883940502413007e-01 -3.0032938181688640e-01 2.4481839587837048e-01 -9.9321285362254833e-02 -6.8067049641442134e-01 5.5485966123526043e-01 -2.2510307916946945e-01 -6.6429407701135118e-02
-2.5000000000000000e-01 9.9999999999924483e-01 1.7318932336910342e+00 1.3323389876140554e+00 5.7158961529587882e-01 7.2034969347320819e-03 -4.4213673586640290e-01 -3.0935290755595585e-01 2.5961986536523879e-01 -1.0528925589224589e-01 -6.7319915519518947e-01 5.6497246273385704e-01 -2.2912549514333930e-01 -6.8935900129687103e-02
-2.2499999999999987e-01 9.9999999999940137e-01 1.7330969195245460e+00 1.4104648552368353e+00 5.7602816688025471e-01 4.2465118315593346e-02 -4.8546415885451566e-01 -3.1804966685061581e-01 2.7491195214017933e-01 -1.1230296873834657e-01 -6.6689570370132512e-01 5.7644330080226558e-01 -2.3548010003005143e-01 -6.9035925655066874e-02
-1.9999999999999996e-01 9.9999999999996092e-01 1.7305974680143699e+00 1.4659877742771996e+00 5.7938867568640950e-01 7.9114812672513898e-02 -5.2872909555486181e-01 -3.2440073932804453e-01 2.8612996101034954e-01 -1.1649145355508131e-01 -6.6348985942652461e-01 5.8521545913154360e-01 -2.3825746607036355e-01 -6.7471026913969043e-02
-1.7499999999999982e-01 1.0000000000022347e+00 1.7336493223909200e+00 1.4934278319011307e+00 5.8219519141530407e-01 1.1645050847014209e-01 -5.7207032861459106e-01 -3.2761615527219823e-01 2.9122848660040146e-01 -1.1870135897837257e-01 -6.6020430670931796e-01 5.8687673973304255e-01 -2.3920416361842531e-01 -6.5264073700917385e-02
-1.4999999999999991e-01 1.0000000000044218e+00 1.7322538423820677e+00 1.4981609258999256e+00 5.8482960051973354e-01 1.5390453161768675e-01 -6.1537667467413182e-01 -3.2797638952679842e-01 2.9248085717671174e-01 -1.1926268803999379e-01 -6.5994359993149554e-01 5.8852062514236969e-01 -2.3997656598445308e-01 -6.2827233477871988e-02
-1.2500000000000000e-01 1.0000000000042175e+00 1.7315428129315680e+00 1.4997841411323987e+00 5.8739954381434079e-01 1.9139913514615070e-01 -6.5866524499743706e-01 -3.2825017663642658e-01 2.9290827258389274e-01 -1.1930586055399103e-01 -6.6024041339696016e-01 5.8915392204763239e-01 -2.3997108394581071e-01 -6.0373924466291362e-02
-9.9999999999999867e-02 9.9999999999532907e-01 1.7319263755443082e+00 1.5009837189439246e+00 5.8999497572752901e-01 2.2892372812022210e-01 -7.0196340438625093e-01 -3.2839597213268551e-01 2.9312118657715130e-01 -1.1943390182725774e-01 -6.6001304617643153e-01 5.8911747910680345e-01 -2.4003928199793972e-01 -5.7888550533775333e-02
-7.4999999999999956e-02 9.9999999997759437e-01 1.7322878767686212e+00 1.5012906838245721e+00 5.9254723450378544e-01 2.6645599521583019e-01 -7.4527060130570366e-01 -3.2839495423247222e-01 2.9313509865501436e-01 -1.1949679390090974e-01 -6.5978160394366514e-01 5.8894067363129321e-01 -2.4008220994240784e-01 -5.5381445782414170e-02
-4.9999999999999822e-02 9.9999999997699041e-01 1.7321331259311434e+00 1.5012025005048879e+00 5.9509242103150550e-01 3.0398605772716775e-01 -7.8857392945376015e-01 -3.2838457699034007e-01 2.9312452878715428e-01 -1.1946831243092443e-01 -6.5984524580330617e-01 5.8899485633951609e-01 -2.4005572583272822e-01 -5.2925147050830880e-02
-2.4999999999999911e-02 9.9999999999511813e-01 1.7318972644778285e+00 1.5010299792685444e+00 5.9765443504492843e-01 3.4151180720802948e-01 -8.3187136106547477e-01 -3.2839244081964358e-01 2.9312474464035509e-01 -1.1943099408494896e-01 -6.6000193365252358e-01 5.8912104609097360e-01 -2.4003197770743062e-01 -5.0415815861639179e-02
0.0000000000000000e+00 1.0000000000100040e+00 1.7319472266559877e+00 1.5010452637893623e+00 6.0018282202344420e-01 3.7903793880290221e-01 -8.7517004173173341e-01 -3.2839841652112461e-01 2.9312662814410007e-01 -1.1943772681190998e-01 -6.5999083262658842e-01 5.8910420282554676e-01 -2.4003710371285783e-01 -4.7964954748942849e-02
2.5000000000000133e-02 1.0000000000188991e+00 1.7321114774755553e+00 1.5011461991704733e+00 6.0273684652132897e-01 4.1656659378250444e-01 -9.1847282866854096e-01 -3.2838963551005584e-01 2.9312359640659474e-01 -1.1946412030860935e-01 -6.5988115929183022e-01 5.8901596669500011e-01 -2.4005666951267055e-01 -4.5457845525413487e-02
4.9999999999999933e-02 1.0000000000133524e+00 1.7321051818775390e+00 1.5011307786583017e+00 6.0525951826344282e-01 4.5409486324961301e-01 -9.6177545821569943e-01 -3.2838072218223197e-01 2.9311870519155042e-01 -1.1946441211550395e-01 -6.5987043482525010e-01 5.8901255276132114e-01 -2.4005987027781087e-01 -4.3010769288155053e-02
7.4999999999999956e-02 1.0000000000031006e+00 1.7320409715464313e+00 1.5011066962086828e+00 6.0779235691770395e-01 4.9162253065458894e-01 -1.0050764825043965e+00 -3.2839039433214362e-01 2.9312300524889373e-01 -1.1945230869572653e-01 -6.5992097318518594e-01 5.8904895583263450e-01 -2.4004686240600284e-01 -4.0511575553908920e-02
9.9999999999999756e-02 1.0000000000074039e+00 1.7320260503301110e+00 1.5011080779221819e+00 6.1032125156381656e-01 5.2915023260289273e-01 -1.0483771337625054e+00 -3.2839529947317747e-01 2.9312637341553366e-01 -1.1944990367854287e-01 -6.5993584745695144e-01 5.8906020263473069e-01 -2.4004385427931191e-01 -3.8058001192461569e-02
1.2499999999999956e-01 1.0000000000134213e+00 1.7320573666029349e+00 1.5011081987181774e+00 6.1282909033384025e-01 5.6667793757156526e-01 -1.0916785679275722e+00 -3.2838791281153890e-01 2.9312223813681837e-01 -1.1945615860148610e-01 -6.5990951690072353e-01 5.8904163952203104e-01 -2.4005224564633540e-01 -3.5578079055901178e-02
1.4999999999999969e-01 1.0000000000124309e+00 1.7320894862549352e+00 1.5011280943617855e+00 6.1535352284140465e-01 6.0420613993108663e-01 -1.1349808050839769e+00 -3.2838568287115738e-01 2.9312108842342405e-01 -1.1946100619668851e-01 -6.5988699104656989e-01 5.8902322220886871e-01 -2.4005542274952890e-01 -3.3115590927207651e-02
1.7499999999999960e-01 1.0000000000049258e+00 1.7320782113952671e+00 1.5011365706735802e+00 6.1784963262997361e-01 6.4173455419853964e-01 -1.1782827603690149e+00 -3.2839033686261815e-01 2.9312402908393920e-01 -1.1945842280558330e-01 -6.5989777935803318e-01 5.8903041337021167e-01 -2.4005075389290786e-01 -3.0652284958868230e-02
1.9999999999999973e-01 9.9999999999667022e-01 1.7320400464099661e+00 1.5011054890337050e+00 6.2036173106992643e-01 6.7926219142425248e-01 -1.2215837615293141e+00 -3.2839068574039859e-01 2.9312369929514503e-01 -1.1945283079815099e-01 -6.5992227946202853e-01 5.8905099384004089e-01 -2.4004817375004556e-01 -2.8181507019452094e-02
2.2499999999999964e-01 9.9999999999939249e-01 1.7320415496100594e+00 1.5010998698364908e+00 6.2285399592184088e-01 7.1678968816997302e-01 -1.2648848002694475e+00 -3.2838967790454160e-01 2.9312298576413776e-01 -1.1945341958122632e-01 -6.5992148494689917e-01 5.8905065857084704e-01 -2.4004980465598755e-01 -2.5734968886124691e-02
2.4999999999999956e-01 1.0000000000057918e+00 1.7320649131524268e+00 1.5011204424110591e+00 6.2533575664825847e-01 7.5431769923049441e-01 -1.3081864230982163e+00 -3.2838879292660533e-01 2.9312281226190756e-01 -1.1945673402921057e-01 -6.5990464775046942e-01 5.8903686830918511e-01 -2.4005098739342845e-01 -2.3271813900655872e-02
2.7500000000000002e-01 1.0000000000060361e+00 1.7320737869113323e+00 1.5011275789290490e+00 6.2784118372845044e-01 7.9184588870370143e-01 -1.3514882677710354e+00 -3.2838847622614109e-01 2.9312276943378324e-01 -1.1945806044208494e-01 -6.5989850650572457e-01 5.8903186858168288e-01 -2.4005165035546769e-01 -2.0794368131965137e-02
2.9999999999999993e-01 1.0000000000049214e+00 1.7320693484586291e+00 1.5011213365449150e+00 6.3033055891527823e-01 8.2937392211759797e-01 -1.3947900014824932e+00 -3.2838984535035404e-01 2.9312339957551503e-01 -1.1945750553483331e-01 -6.5990485797008969e-01 5.8903634842368169e-01 -2.4005184490197082e-01 -1.8354135484726693e-02
3.2500000000000007e-01 1.0000000000020837e+00 1.7320392968974385e+00 1.5011035142022733e+00 6.3277431758330027e-01 8.6690150997300941e-01 -1.4380909839050080e+00 -3.2838979784950667e-01 2.9312315560982227e-01 -1.1945280575263648e-01 -6.5992139487142565e-01 5.8905070433337903e-01 -2.4004845068210984e-01 -1.5937849787294470e-02
3.4999999999999998e-01 9.9999999999464517e-01 1.7320338109604316e+00 1.5011001445861538e+00 6.3522500107856938e-01 9.0442901358750571e-01 -1.4813918291791259e+00 -3.2838977846010936e-01 2.9312312466132556e-01 -1.1945197985366213e-01 -6.5992442901567017e-01 5.8905338521951622e-01 -2.4004790882763419e-01 -1.3478490511445411e-02
3.7499999999999989e-01 9.9999999999318856e-01 1.7320403100148196e+00 1.5011033062339596e+00 6.3773484922897328e-01 9.4195659624299288e-01 -1.5246928369294257e+00 -3.2839071263132807e-01 2.9312366246406657e-01 -1.1945299556212077e-01 -6.5992292871149094e-01 5.8905145111424650e-01 -2.4004872136324604e-01 -1.0956193368417314e-02
4.0000000000000002e-01 9.9999999999767830e-01 1.7320472223770800e+00 1.5011076093258779e+00 6.4028819449528851e-01 9.7948428647593011e-01 -1.5679940174888112e+00 -3.2838942077883948e-01 2.9312288845048851e-01 -1.1945397043071734e-01 -6.5991644235932756e-01 5.8904642318124556e-01 -2.4004926530634102e-01 -8.4182693529061808e-03
4.2499999999999993e-01 9.9999999999945910e-01 1.7320580321928736e+00 1.5011165533689041e+00 6.4280697451690072e-01 1.0170122003103310e+00 -1.6112954682936300e+00 -3.2838969340206742e-01 2.9312337544582728e-01 -1.1945574982842455e-01 -6.5991020482229212e-01 5.8904134513083883e-01 -2.4005037283542180e-01 -5.9793054845203811e-03
4.5000000000000007e-01 9.9999999999623057e-01 1.7320660843882507e+00 1.5011203434344811e+00 6.4513406230442594e-01 1.0545402088957527e+00 -1.6545971204034200e+00 -3.2838915546369024e-01 2.9312297485120653e-01 -1.1945691670665129e-01 -6.5990497947945448e-01 5.8903684085124997e-01 -2.4005121014630407e-01 -3.8341786577186371e-03
4.7499999999999998e-01 9.9999999999317524e-01 1.7320687726110595e+00 1.5011217991484127e+00 6.4705798502269096e-01 1.0920682538743518e+00 -1.6978988397186892e+00 -3.2838876907158732e-01 2.9312281917041244e-01 -1.1945740356123800e-01 -6.5990275911811513e-01 5.8903523917064304e-01 -2.4005166324662722e-01 -2.1792924473698948e-03
4.9999999999999967e-01 9.9999999999419664e-01 1.7320683779475043e+00 1.5011222752924569e+00 6.4843287999248755e-01 1.1295963107566200e+00 -1.7412005491673586e+00 -3.2838873586883421e-01 2.9312292385365935e-01 -1.1945743151174870e-01 -6.5990268581873335e-01 5.8903544366190186e-01 -2.4005171702082054e-01 -1.0867535271694053e-03
5.2499999999999991e-01 9.9999999999868638e-01 1.7320696897616950e+00 1.5011240577770835e+00 6.4926930364877311e-01 1.1671244122012958e+00 -1.7845022914113069e+00 -3.2838986239089951e-01 2.9312340352274041e-01 -1.1945734883271455e-01 -6.5990390531526744e-01 5.8903547544261803e-01 -2.4005117100564038e-01 -4.7391390825727604e-04
5.5000000000000027e-01 9.9999999999923705e-01 1.7320620578297907e+00 1.5011172526568828e+00 6.4970195776736928e-01 1.2046523435177194e+00 -1.8278038428571319e+00 -3.2838866415447238e-01 2.9312277526455932e-01 -1.1945647340333218e-01 -6.5990644334721338e-01 5.8903862770948046e-01 -2.4005121096784465e-01 -1.8098996318110930e-04
5.7500000000000018e-01 9.9999999999806022e-01 1.7320556193503478e+00 1.5011141868653732e+00 6.4989335234044943e-01 1.2421801981893572e+00 -1.8711052333408398e+00 -3.2838967228272165e-01 2.9312324130913864e-01 -1.1945532628936427e-01 -6.5991179419157620e-01 5.8904253214464353e-01 -2.4005011530778950e-01 -6.0767808859077525e-05
6.0000000000000009e-01 1.0000000000011600e+00 1.7320515157984229e+00 1.5011111618933093e+00 6.4996636652444062e-01 1.2797079772366902e+00 -1.9144065212357737e+00 -3.2838967319521778e-01 2.9312318907718371e-01 -1.1945470483014750e-01 -6.5991425452429131e-01 5.8904462165794291e-01 -2.4004976076255621e-01 -1.8027232528279077e-05
6.2500000000000000e-01 1.0000000000006137e+00 1.7320508853101879e+00 1.5011107504672516e+00 6.4999060361056116e-01 1.3172357459983730e+00 -1.9577077933685687e+00 -3.2838969623615177e-01 2.9312319511761903e-01 -1.1945460607503765e-01 -6.5991466166159107e-01 5.8904495588102768e-01 -2.4004969356663050e-01 -4.7500056955290299e-06
6.4999999999999991e-01 9.9999999999970335e-01 1.7320508161544179e+00 1.5011107054739847e+00 6.4999766222921596e-01 1.3547635136352225e+00 -2.0010090637724116e+00 -3.2838969891303221e-01 2.9312319596006214e-01 -1.1945459534036336e-01 -6.5991470657713447e-01 5.8904499286429879e-01 -2.4004968637643781e-01 -1.1174210242344798e-06
6.7500000000000027e-01 1.0000000000002007e+00 1.7320508085098663e+00 1.5011107005047020e+00 6.4999947942701386e-01 1.3922912811478414e+00 -2.0443103339851634e+00 -3.2838969920973371e-01 2.9312319605433762e-01 -1.1945459415406402e-01 -6.5991471154225134e-01 5.8904499695344714e-01 -2.4004968558173123e-01 -2.3583608149668469e-07
7.0000000000000018e-01 9.9999999999997868e-01 1.7320508076717900e+00 1.5011106999599733e+00 6.4999989576149086e-01 1.4298190486468396e+00 -2.0876116041769586e+00 -3.2838969924228634e-01 2.9312319606465365e-01 -1.1945459402402621e-01 -6.5991471208667063e-01 5.8904499740173966e-01 -2.4004968549465561e-01 -4.4855391503789617e-08
7.2500000000000009e-01 9.9999999999996980e-01 1.7320508075797658e+00 1.5011106999001278e+00 6.4999998115090307e-01 1.4673468161443421e+00 -2.1309128743664525e+00 -3.2838969924585371e-01 2.9312319606578574e-01 -1.1945459400975073e-01 -6.5991471214644293e-01 5.8904499745096883e-01 -2.4004968548510330e-01 -7.7194990099708613e-09
7.5000000000000000e-01 9.9999999999998757e-01 1.7320508075700491e+00 1.5011106998938351e+00 6.4999999691014587e-01 1.5048745836416875e+00 -2.1742141445557035e+00 -3.2838969924623440e-01 2.9312319606590787e-01 -1.1945459400823749e-01 -6.5991471215274999e-01 5.8904499745616123e-01 -2.4004968548407840e-01 -1.2064690071710010e-09
7.7499999999999980e-01 9.9999999999999645e-01 1.7320508075690100e+00 1.5011106998931467e+00 6.4999999953924659e-01 1.5424023511390152e+00 -2.2175154147449287e+00 -3.2838969924627287e-01 2.9312319606592091e-01 -1.1945459400807683e-01 -6.5991471215342334e-01 5.8904499745671945e-01 -2.4004968548397235e-01 -1.7179534399764095e-10
8.0000000000000060e-01 9.9999999999999645e-01 1.7320508075688856e+00 1.5011106998930757e+00 6.4999999993730639e-01 1.5799301186363415e+00 -2.2608166849341509e+00 -3.2838969924627903e-01 2.9312319606592246e-01 -1.1945459400805582e-01 -6.5991471215350372e-01 5.8904499745678329e-01 -2.4004968548395483e-01 -2.2352121004083967e-11
8.2500000000000095e-01 9.9999999999999645e-01 1.7320508075688679e+00 1.5011106998930757e+00 6.4999999999219382e-01 1.6174578861336677e+00 -2.3041179551233726e+00 -3.2838969924627970e-01 2.9312319606592341e-01 -1.1945459400805301e-01 -6.5991471215351161e-01 5.8904499745679106e-01 -2.4004968548395159e-01 -2.6620740013210241e-12
8.5000000000000131e-01 9.9999999999999645e-01 1.7320508075688679e+00 1.5011106998930579e+00 6.4999999999910762e-01 1.6549856536309935e+00 -2.3474192253125943e+00 -3.2838969924627998e-01 2.9312319606592246e-01 -1.1945459400805319e-01 -6.5991471215351771e-01 5.8904499745679406e-01 -2.4004968548395397e-01 -2.8834346994757673e-13
8.7500000000000167e-01 9.9999999999999645e-01 1.7320508075688679e+00 1.5011106998930490e+00 6.4999999999990477e-01 1.6925134211283190e+00 -2.3907204955018160e+00 -3.2838969924627859e-01 2.9312319606592024e-01 -1.1945459400805222e-01 -6.5991471215351771e-01 5.8904499745679206e-01 -2.4004968548395303e-01 -2.6897537808047106e-14
9.0000000000000202e-01 9.9999999999998757e-01 1.7320508075688590e+00 1.5011106998930357e+00 6.4999999999998992e-01 1.7300411886256446e+00 -2.4340217656910377e+00 -3.2838969924627748e-01 2.9312319606591747e-01 -1.1945459400805104e-01 -6.5991471215352482e-01 5.8904499745679484e-01 -2.4004968548395406e-01 -2.5983423432500796e-16
9.2500000000000193e-01 9.9999999999997868e-01 1.7320508075688679e+00 1.5011106998930401e+00 6.4999999999999813e-01 1.7675689561229702e+00 -2.4773230358802594e+00 -3.2838969924627703e-01 2.9312319606591603e-01 -1.1945459400805297e-01 -6.5991471215352115e-01 5.8904499745678951e-01 -2.4004968548395691e-01 2.1153273149623332e-15
9.5000000000000184e-01 9.9999999999997868e-01 1.7320508075688679e+00 1.5011106998930268e+00 6.4999999999999847e-01 1.8050967236202948e+00 -2.5206243060694811e+00 -3.2838969924627692e-01 2.9312319606591619e-01 -1.1945459400805437e-01 -6.5991471215352515e-01 5.8904499745679362e-01 -2.4004968548396127e-01 3.0397124767516370e-15
9.7500000000000175e-01 9.9999999999998757e-01 1.7320508075688767e+00 1.5011106998930313e+00 6.4999999999999813e-01 1.8426244911176199e+00 -2.5639255762587028e+00 -3.2838969924627776e-01 2.9312319606591664e-01 -1.1945459400805371e-01 -6.5991471215352027e-01 5.8904499745678862e-01 -2.4004968548395755e-01 3.5077205480065730e-15
9.9999999999999989e-01 9.9999999999998757e-01 1.7320508075688590e+00 1.5011106998930268e+00 6.4999999999999836e-01 1.8801522586149457e+00 -2.6072268464479245e+00 -3.2838969924627626e-01 2.9312319606591658e-01 -1.1945459400805153e-01 -6.5991471215352515e-01 5.8904499745679550e-01 -2.4004968548395603e-01 2.8273126521029810e-15
1.0250000000000004e+00 9.9999999999998757e-01 1.7320508075688767e+00 1.5011106998930224e+00 6.4999999999999769e-01 1.9176800261122708e+00 -2.6505281166371462e+00 -3.2838969924627537e-01 2.9312319606591375e-01 -1.1945459400805274e-01 -6.5991471215351838e-01 5.8904499745678540e-01 -2.4004968548395667e-01 3.1223681162127248e-15
1.0500000000000003e+00 9.9999999999999645e-01 1.7320508075688679e+00 1.5011106998930090e+00 6.4999999999999802e-01 1.9552077936095957e+00 -2.6938293868263679e+00 -3.2838969924627553e-01 2.9312319606591442e-01 -1.1945459400805072e-01 -6.5991471215352426e-01 5.8904499745679173e-01 -2.4004968548395464e-01 3.6586098573327703e-15
1.0750000000000002e+00 9.9999999999999645e-01 1.7320508075688856e+00 1.5011106998930046e+00 6.4999999999999813e-01 1.9927355611069206e+00 -2.7371306570155900e+00 -3.2838969924627487e-01 2.9312319606591136e-01 -1.1945459400805152e-01 -6.5991471215351782e-01 5.8904499745678096e-01 -2.4004968548395436e-01 3.4282258749173937e-15
1.1000000000000001e+00 9.9999999999999645e-01 1.7320508075688679e+00 1.5011106998930002e+00 6.4999999999999736e-01 2.0302633286042453e+00 -2.7804319272048117e+00 -3.2838969924626954e-01 2.9312319606590981e-01 -1.1945459400805017e-01 -6.5991471215351494e-01 5.8904499745678496e-01 -2.4004968548395453e-01 2.9838864172616338e-15
1.1250000000000000e+00 9.9999999999999645e-01 1.7320508075688501e+00 1.5011106998929868e+00 6.4999999999999714e-01 2.0677910961015695e+00 -2.8237331973940329e+00 -3.2838969924626760e-01 2.9312319606590931e-01 -1.1945459400804841e-01 -6.5991471215352182e-01 5.8904499745679351e-01 -2.4004968548395492e-01 1.6310552981084466e-15
1.1500000000000004e+00 1.0000000000000053e+00 1.7320508075688590e+00 1.5011106998929735e+00 6.4999999999999891e-01 2.1053188635988942e+00 -2.8670344675832542e+00 -3.2838969924626460e-01 2.9312319606590803e-01 -1.1945459400804978e-01 -6.5991471215351494e-01 5.8904499745679018e-01 -2.4004968548395736e-01 -5.3851617678943987e-16
1.1750000000000003e+00 9.9999999999999645e-01 1.7320508075688501e+00 1.5011106998929824e+00 6.4999999999999969e-01 2.1428466310962193e+00 -2.9103357377724759e+00 -3.2838969924626243e-01 2.9312319606590748e-01 -1.1945459400805006e-01 -6.5991471215351294e-01 5.8904499745679118e-01 -2.4004968548395875e-01 -3.0802329889299203e-15
1.2000000000000002e+00 9.9999999999997868e-01 1.7320508075688501e+00 1.5011106998929913e+00 6.5000000000000024e-01 2.1803743985935444e+00 -2.9536370079616971e+00 -3.2838969924626393e-01 2.9312319606590886e-01 -1.1945459400805392e-01 -6.5991471215351682e-01 5.8904499745679473e-01 -2.4004968548396682e-01 -3.9953664766101841e-15
1.2250000000000001e+00 9.9999999999998757e-01 1.7320508075688412e+00 1.5011106998930090e+00 6.5000000000000036e-01 2.2179021660908691e+00 -2.9969382781509180e+00 -3.2838969924626404e-01 2.9312319606591186e-01 -1.1945459400805226e-01 -6.5991471215351283e-01 5.8904499745679695e-01 -2.4004968548396197e-01 -5.5609421059090222e-15
1.2500000000000000e+00 9.9999999999998757e-01 1.7320508075688412e+00 1.5011106998930268e+00 6.5000000000000147e-01 2.2554299335881942e+00 -3.0402395483401392e+00 -3.2838969924626471e-01 2.9312319606591397e-01 -1.1945459400805282e-01 -6.5991471215350850e-01 5.8904499745679617e-01 -2.4004968548396102e-01 -6.3413614907052652e-15
1.2750000000000004e+00 9.9999999999997868e-01 1.7320508075688501e+00 1.5011106998930401e+00 6.5000000000000202e-01 2.2929577010855193e+00 -3.0835408185293605e+00 -3.2838969924626671e-01 2.9312319606591686e-01 -1.1945459400805733e-01 -6.5991471215350694e-01 5.8904499745679695e-01 -2.4004968548396807e-01 -7.0178733019040199e-15
1.3000000000000003e+00 9.9999999999997868e-01 1.7320508075688501e+00 1.5011106998930579e+00 6.5000000000000269e-01 2.3304854685828453e+00 -3.1268420887185817e+00 -3.2838969924627165e-01 2.9312319606592224e-01 -1.1945459400805887e-01 -6.5991471215351116e-01 5.8904499745680272e-01 -2.4004968548396910e-01 -7.0251347403930024e-15
1.3250000000000002e+00 9.9999999999996980e-01 1.7320508075688412e+00 1.5011106998930712e+00 6.5000000000000235e-01 2.3680132360801718e+00 -3.1701433589078030e+00 -3.2838969924627293e-01 2.9312319606592424e-01 -1.1945459400805948e-01 -6.5991471215351483e-01 5.8904499745680772e-01 -2.4004968548397068e-01 -5.9575896466178369e-15
1.3500000000000001e+00 9.9999999999996980e-01 1.7320508075688412e+00 1.5011106998930934e+00 6.5000000000000202e-01 2.4055410035774982e+00 -3.2134446290970238e+00 -3.2838969924627376e-01 2.9312319606592613e-01 -1.1945459400805934e-01 -6.5991471215350928e-01 5.8904499745680505e-01 -2.4004968548396782e-01 -5.4042624732371873e-15
1.3750000000000000e+00 9.9999999999997868e-01 1.7320508075688501e+00 1.5011106998930623e+00 6.5000000000000180e-01 2.4430687710748242e+00 -3.2567458992862450e+00 -3.2838969924626993e-01 2.9312319606592174e-01 -1.1945459400805913e-01 -6.5991471215350639e-01 5.8904499745680061e-01 -2.4004968548396916e-01 -3.6019994419327438e-15
1.4000000000000004e+00 9.9999999999996980e-01 1.7320508075688412e+00 1.5011106998930535e+00 6.5000000000000191e-01 2.4805965385721502e+00 -3.3000471694754663e+00 -3.2838969924626854e-01 2.9312319606591819e-01 -1.1945459400805687e-01 -6.5991471215351150e-01 5.8904499745680050e-01 -2.4004968548396746e-01 -3.7038466572901518e-15
1.4250000000000003e+00 9.9999999999996092e-01 1.7320508075688501e+00 1.5011106998930535e+00 6.5000000000000213e-01 2.5181243060694762e+00 -3.3433484396646875e+00 -3.2838969924626754e-01 2.9312319606591319e-01 -1.1945459400805550e-01 -6.5991471215350817e-01 5.8904499745678929e-01 -2.4004968548396421e-01 -3.9719711094372104e-15
1.4500000000000002e+00 9.9999999999996980e-01 1.7320508075688412e+00 1.5011106998930490e+00 6.5000000000000324e-01 2.5556520735668022e+00 -3.3866497098539083e+00 -3.2838969924626499e-01 2.9312319606591186e-01 -1.1945459400805233e-01 -6.5991471215350572e-01 5.8904499745678895e-01 -2.4004968548395883e-01 -4.7248538049435053e-15
1.4750000000000001e+00 9.9999999999997868e-01 1.7320508075688323e+00 1.5011106998930623e+00 6.5000000000000391e-01 2.5931798410641291e+00 -3.4299509800431291e+00 -3.2838969924626371e-01 2.9312319606591480e-01 -1.1945459400805175e-01 -6.5991471215350039e-01 5.8904499745679240e-01 -2.4004968548395664e-01 -6.3901145778920390e-15
1.5000000000000000e+00 9.9999999999997868e-01 1.7320508075688323e+00 1.5011106998930401e+00 6.5000000000000457e-01 2.6307076085614560e+00 -3.4732522502323500e+00 -3.2838969924627659e-01 2.9312319606592208e-01 -1.1945459400805333e-01 -6.5991471215350039e-01 5.8904499745679240e-01 -2.4004968548395664e-01 -8.0553753508405727e-15
1.5250000000000004e+00 9.9999999999997868e-01 1.7320508075688323e+00 1.5011106998930179e+00 6.5000000000000524e-01 2.6682353760587829e+00 -3.5165535204215708e+00 -3.2838969924627986e-01 2.9312319606592374e-01 -1.1945459400805485e-01 -6.5991471215350039e-01 5.8904499745679240e-01 -2.4004968548395664e-01 -9.7206361237891064e-15
1.5500000000000003e+00 9.9999999999997868e-01 1.7320508075688323e+00 1.5011106998929957e+00 6.5000000000000591e-01 2.7057631435561098e+00 -3.5598547906107916e+00 -3.2838969924627437e-01 2.9312319606591769e-01 -1.1945459400805335e-01 -6.5991471215350039e-01 5.8904499745679240e-01 -2.4004968548395664e-01 -1.1385896896737640e-14
